Iniciando: /home/izquierdocr/projects/shortestRouteTest/build/shortestroutetest
experimentH03-12maps01probU99.txt
Environment with 3
Loading data from mapsDB/mapH03001.txt
Locations
0, 0, 0.0848973
1, 0, 0.748597
2, 0, 0.166505
Distances table
0   119.468   100   
119.468   0   87.9706   
100   87.9706   0   

Building strategies...
Locations ordered by Optimal
0, 2, 1, 
Locations ordered by Worst
0, 1, 2, 
Locations ordered by Optimal Expected
0, 1, 2, 
Locations ordered by Worst Expected
0, 2, 1, 
Locations ordered by Most Probable
0, 1, 2, 
Locations ordered by Closest
0, 2, 1, 
Locations ordered by Random
0, 1, 2, 
Locations ordered by Monte Carlo Tree Search - UCT
0, 2, 1, 
Locations ordered by Expected Distance Fixed
0, 1, 2, 
Locations ordered by Expected Distance Murrieta
0, 1, 2, 
Locations ordered by Expected Distance Simple
0, 1, 2, 

Begin of test!
........................................................................................................................................................................................................................................................................................................................................................................................................................................................................................................................................................................................................................................................................................................................................................................................................................................................................................................................................................................................................................................Environment with 4
Loading data from mapsDB/mapH04001.txt
Locations
0, 0, 0.416311
1, 0, 0.153359
2, 0, 0.386942
3, 0, 0.0433886
Distances table
0   263.333   348.806   544.581   
263.333   0   261.765   413.22   
348.806   261.765   0   315.007   
544.581   413.22   315.007   0   

Building strategies...
Locations ordered by Optimal
0, 1, 2, 3, 
Locations ordered by Worst
0, 3, 1, 2, 
Locations ordered by Optimal Expected
0, 2, 1, 3, 
Locations ordered by Worst Expected
0, 3, 1, 2, 
Locations ordered by Most Probable
0, 2, 1, 3, 
Locations ordered by Closest
0, 1, 2, 3, 
Locations ordered by Random
0, 1, 2, 3, 
Locations ordered by Monte Carlo Tree Search - UCT
0, 1, 2, 3, 
Locations ordered by Expected Distance Fixed
0, 2, 1, 3, 
Locations ordered by Expected Distance Murrieta
0, 2, 1, 3, 
Locations ordered by Expected Distance Simple
0, 2, 1, 3, 

Begin of test!
........................................................................................................................................................................................................................................................................................................................................................................................................................................................................................................................................................................................................................................................................................................................................................................................................................................................................................................................................................................................................................................Environment with 5
Loading data from mapsDB/mapH05001.txt
Locations
0, 0, 0.101362
1, 0, 0.222161
2, 0, 0.242938
3, 0, 0.162945
4, 0, 0.270593
Distances table
0   241.941   207.096   296.037   317.196   
241.941   0   198.142   249.25   267.096   
207.096   198.142   0   142.368   219.593   
296.037   249.25   142.368   0   196.882   
317.196   267.096   219.593   196.882   0   

Building strategies...
Locations ordered by Optimal
0, 1, 2, 3, 4, 
Locations ordered by Worst
0, 3, 1, 4, 2, 
Locations ordered by Optimal Expected
0, 2, 3, 4, 1, 
Locations ordered by Worst Expected
0, 3, 1, 4, 2, 
Locations ordered by Most Probable
0, 4, 2, 1, 3, 
Locations ordered by Closest
0, 2, 3, 4, 1, 
Locations ordered by Random
0, 3, 1, 2, 4, 
Locations ordered by Monte Carlo Tree Search - UCT
0, 1, 2, 3, 4, 
Locations ordered by Expected Distance Fixed
0, 2, 1, 4, 3, 
Locations ordered by Expected Distance Murrieta
0, 2, 3, 4, 1, 
Locations ordered by Expected Distance Simple
0, 2, 4, 1, 3, 

Begin of test!
........................................................................................................................................................................................................................................................................................................................................................................................................................................................................................................................................................................................................................................................................................................................................................................................................................................................................................................................................................................................................................................Environment with 6
Loading data from mapsDB/mapH06001.txt
Locations
0, 0, 0.0271507
1, 0, 0.145009
2, 0, 0.025312
3, 0, 0.345103
4, 0, 0.240729
5, 0, 0.216697
Distances table
0   181.882   315.973   250.848   294.551   212.694   
181.882   0   274.777   210.895   275.723   195.522   
315.973   274.777   0   217.794   283.451   246.196   
250.848   210.895   217.794   0   136.196   150.096   
294.551   275.723   283.451   136.196   0   187.87   
212.694   195.522   246.196   150.096   187.87   0   

Building strategies...
Locations ordered by Optimal
0, 1, 5, 4, 3, 2, 
Locations ordered by Worst
0, 3, 1, 4, 2, 5, 
Locations ordered by Optimal Expected
0, 5, 3, 4, 1, 2, 
Locations ordered by Worst Expected
0, 2, 1, 4, 5, 3, 
Locations ordered by Most Probable
0, 3, 4, 5, 1, 2, 
Locations ordered by Closest
0, 1, 5, 3, 4, 2, 
Locations ordered by Random
0, 2, 5, 3, 4, 1, 
Locations ordered by Monte Carlo Tree Search - UCT
0, 1, 5, 3, 4, 2, 
Locations ordered by Expected Distance Fixed
0, 3, 5, 4, 1, 2, 
Locations ordered by Expected Distance Murrieta
0, 3, 4, 5, 1, 2, 
Locations ordered by Expected Distance Simple
0, 3, 4, 5, 1, 2, 

Begin of test!
........................................................................................................................................................................................................................................................................................................................................................................................................................................................................................................................................................................................................................................................................................................................................................................................................................................................................................................................................................................................................................................Environment with 7
Loading data from mapsDB/mapH07001.txt
Locations
0, 0, 0.207303
1, 0, 0.0810404
2, 0, 0.0622557
3, 0, 0.182874
4, 0, 0.12648
5, 0, 0.0972616
6, 0, 0.242787
Distances table
0   250.149   252.806   236.534   198.782   313.078   389.581   
250.149   0   158.681   198.941   321.02   465.091   541.179   
252.806   158.681   0   148.811   308.421   452.493   528.581   
236.534   198.941   148.811   0   294.149   438.221   514.309   
198.782   321.02   308.421   294.149   0   195.794   290.765   
313.078   465.091   452.493   438.221   195.794   0   251.51   
389.581   541.179   528.581   514.309   290.765   251.51   0   

Building strategies...
Locations ordered by Optimal
0, 1, 2, 3, 4, 5, 6, 
Locations ordered by Worst
0, 2, 5, 3, 6, 1, 4, 
Locations ordered by Optimal Expected
0, 4, 5, 6, 3, 2, 1, 
Locations ordered by Worst Expected
0, 2, 5, 1, 6, 3, 4, 
Locations ordered by Most Probable
0, 6, 3, 4, 5, 1, 2, 
Locations ordered by Closest
0, 4, 5, 6, 3, 2, 1, 
Locations ordered by Random
0, 3, 1, 4, 2, 5, 6, 
Locations ordered by Monte Carlo Tree Search - UCT
0, 1, 2, 3, 4, 5, 6, 
Locations ordered by Expected Distance Fixed
0, 3, 4, 6, 1, 5, 2, 
Locations ordered by Expected Distance Murrieta
0, 3, 2, 1, 6, 5, 4, 
Locations ordered by Expected Distance Simple
0, 3, 6, 4, 5, 1, 2, 

Begin of test!
........................................................................................................................................................................................................................................................................................................................................................................................................................................................................................................................................................................................................................................................................................................................................................................................................................................................................................................................................................................................................................................Environment with 8
Loading data from mapsDB/mapH08001.txt
Locations
0, 0, 0.173672
1, 0, 0.0970465
2, 0, 0.0396612
3, 0, 0.117594
4, 0, 0.158065
5, 0, 0.225019
6, 0, 0.0192269
7, 0, 0.169715
Distances table
0   206.635   232.363   266.836   214.598   286.25   161.556   181.882   
206.635   0   208.338   249.439   278.617   480.216   358.836   289.907   
232.363   208.338   0   85.9411   287.426   506.772   385.392   304.865   
266.836   249.439   85.9411   0   327.083   538.831   417.451   336.924   
214.598   278.617   287.426   327.083   0   451.789   330.409   118.941   
286.25   480.216   506.772   538.831   451.789   0   154.811   416.174   
161.556   358.836   385.392   417.451   330.409   154.811   0   292.794   
181.882   289.907   304.865   336.924   118.941   416.174   292.794   0   

Building strategies...
Locations ordered by Optimal
0, 1, 2, 3, 4, 7, 6, 5, 
Locations ordered by Worst
0, 4, 3, 5, 2, 6, 1, 7, 
Locations ordered by Optimal Expected
0, 7, 4, 3, 2, 1, 5, 6, 
Locations ordered by Worst Expected
0, 2, 6, 3, 5, 1, 7, 4, 
Locations ordered by Most Probable
0, 5, 7, 4, 3, 1, 2, 6, 
Locations ordered by Closest
0, 6, 5, 7, 4, 1, 2, 3, 
Locations ordered by Random
0, 1, 2, 7, 6, 3, 4, 5, 
Locations ordered by Monte Carlo Tree Search - UCT
0, 7, 4, 2, 3, 1, 6, 5, 
Locations ordered by Expected Distance Fixed
0, 7, 5, 4, 1, 3, 2, 6, 
Locations ordered by Expected Distance Murrieta
0, 7, 4, 1, 2, 3, 5, 6, 
Locations ordered by Expected Distance Simple
0, 7, 4, 5, 3, 2, 1, 6, 

Begin of test!
........................................................................................................................................................................................................................................................................................................................................................................................................................................................................................................................................................................................................................................................................................................................................................................................................................................................................................................................................................................................................................................Environment with 9
Loading data from mapsDB/mapH09001.txt
Locations
0, 0, 0.159971
1, 0, 0.102718
2, 0, 0.0563448
3, 0, 0.0453942
4, 0, 0.142641
5, 0, 0.184427
6, 0, 0.173535
7, 0, 0.103931
8, 0, 0.0310383
Distances table
0   125.598   241.848   219.534   270.765   217.498   269.735   166.627   183.823   
125.598   0   195.451   182.25   224.368   113.024   352.274   249.167   141.569   
241.848   195.451   0   221.966   92.8701   283.598   500.985   397.877   159.711   
219.534   182.25   221.966   0   257.51   290.831   477.429   374.321   139.267   
270.765   224.368   92.8701   257.51   0   331.64   527.487   424.38   193.669   
217.498   113.024   283.598   290.831   331.64   0   444.174   341.066   249.149   
269.735   352.274   500.985   477.429   527.487   444.174   0   132.397   440.475   
166.627   249.167   397.877   374.321   424.38   341.066   132.397   0   336.196   
183.823   141.569   159.711   139.267   193.669   249.149   440.475   336.196   0   

Building strategies...
Locations ordered by Optimal
0, 3, 8, 2, 4, 1, 5, 7, 6, 
Locations ordered by Worst
0, 4, 7, 2, 6, 8, 5, 3, 1, 
Locations ordered by Optimal Expected
0, 7, 6, 1, 5, 2, 4, 8, 3, 
Locations ordered by Worst Expected
0, 3, 7, 2, 6, 8, 5, 4, 1, 
Locations ordered by Most Probable
0, 5, 6, 4, 7, 1, 2, 3, 8, 
Locations ordered by Closest
0, 1, 5, 8, 3, 2, 4, 7, 6, 
Locations ordered by Random
0, 2, 5, 4, 7, 3, 8, 1, 6, 
Locations ordered by Monte Carlo Tree Search - UCT
0, 7, 6, 8, 2, 4, 3, 1, 5, 
Locations ordered by Expected Distance Fixed
0, 5, 1, 6, 7, 4, 2, 3, 8, 
Locations ordered by Expected Distance Murrieta
0, 5, 1, 8, 3, 4, 2, 7, 6, 
Locations ordered by Expected Distance Simple
0, 5, 1, 4, 2, 6, 7, 3, 8, 

Begin of test!
........................................................................................................................................................................................................................................................................................................................................................................................................................................................................................................................................................................................................................................................................................................................................................................................................................................................................................................................................................................................................................................Environment with 10
Loading data from mapsDB/mapH10001.txt
Locations
0, 0, 0.167873
1, 0, 0.158685
2, 0, 0.0884423
3, 0, 0.074621
4, 0, 0.113315
5, 0, 0.0951789
6, 0, 0.0752032
7, 0, 0.0820997
8, 0, 0.0898811
9, 0, 0.0547003
Distances table
0   172.912   309.309   201.083   139.113   49.0711   136.284   180.314   283.196   227.64   
172.912   0   225.439   303.711   241.74   209.74   215.083   259.113   377.125   321.569   
309.309   225.439   0   438.522   377.38   344.551   350.723   394.752   511.936   456.38   
201.083   303.711   438.522   0   108.255   243.368   233.782   280.297   236.125   179.74   
139.113   241.74   377.38   108.255   0   181.74   172.569   219.083   222.439   166.882   
49.0711   209.74   344.551   243.368   181.74   0   177.74   221.77   324.652   269.096   
136.284   215.083   350.723   233.782   172.569   177.74   0   82.4558   304.711   249.154   
180.314   259.113   394.752   280.297   219.083   221.77   82.4558   0   0   0   
283.196   377.125   511.936   236.125   222.439   324.652   304.711   0   0   102.012   
227.64   321.569   456.38   179.74   166.882   269.096   249.154   0   102.012   0   

Building strategies...
Locations ordered by Optimal
0, 5, 4, 3, 9, 8, 7, 6, 1, 2, 
Locations ordered by Worst
0, 8, 1, 3, 7, 4, 2, 9, 5, 6, 
Locations ordered by Optimal Expected
0, 5, 6, 7, 8, 9, 3, 4, 1, 2, 
Locations ordered by Worst Expected
0, 9, 2, 8, 6, 3, 7, 5, 4, 1, 
Locations ordered by Most Probable
0, 1, 4, 5, 8, 2, 7, 6, 3, 9, 
Locations ordered by Closest
0, 5, 6, 7, 8, 9, 4, 3, 1, 2, 
Locations ordered by Random
0, 2, 3, 9, 7, 4, 1, 6, 5, 8, 
Locations ordered by Monte Carlo Tree Search - UCT
0, 5, 6, 9, 7, 8, 3, 4, 1, 2, 
Locations ordered by Expected Distance Fixed
0, 5, 1, 4, 6, 7, 3, 8, 2, 9, 
Locations ordered by Expected Distance Murrieta
0, 5, 6, 7, 8, 9, 4, 3, 1, 2, 
Locations ordered by Expected Distance Simple
0, 5, 1, 4, 3, 8, 7, 9, 6, 2, 

Begin of test!
........................................................................................................................................................................................................................................................................................................................................................................................................................................................................................................................................................................................................................................................................................................................................................................................................................................................................................................................................................................................................................................Environment with 11
Loading data from mapsDB/mapH11001.txt
Locations
0, 0, 0.0233802
1, 0, 0.0506106
2, 0, 0.0360776
3, 0, 0.150731
4, 0, 0.143435
5, 0, 0.0357714
6, 0, 0.167381
7, 0, 0.127049
8, 0, 0.148192
9, 0, 0.0384122
10, 0, 0.0789609
Distances table
0   319.664   170.497   267.439   367.546   235.87   588.842   489.47   666.734   759.812   553.22   
319.664   0   455.6   238.782   377.108   337.103   692.417   593.045   870.064   963.142   757.379   
170.497   455.6   0   401.375   501.483   352.652   625.256   525.885   557.352   650.429   442.593   
267.439   238.782   401.375   0   260.409   250.35   619.138   519.767   796.785   889.863   699.426   
367.546   377.108   501.483   260.409   0   346.245   715.033   615.66   893.922   987   804.019   
235.87   337.103   352.652   250.35   346.245   0   373.647   274.274   632.894   725.972   544.233   
588.842   692.417   625.256   619.138   715.033   373.647   0   187.296   907.478   1000.56   818.818   
489.47   593.045   525.885   519.767   615.66   274.274   187.296   0   807.348   900.426   718.688   
666.734   870.064   557.352   796.785   893.922   632.894   907.478   807.348   0   180.983   473.061   
759.812   963.142   650.429   889.863   987   725.972   1000.56   900.426   180.983   0   568.137   
553.22   757.379   442.593   699.426   804.019   544.233   818.818   718.688   473.061   568.137   0   

Building strategies...
Locations ordered by Optimal
0, 1, 3, 4, 5, 7, 6, 2, 10, 8, 9, 
Locations ordered by Worst
0, 6, 10, 4, 8, 1, 9, 3, 7, 2, 5, 
Locations ordered by Optimal Expected
0, 3, 4, 5, 7, 6, 8, 9, 10, 2, 1, 
Locations ordered by Worst Expected
0, 9, 1, 10, 5, 2, 7, 8, 4, 6, 3, 
Locations ordered by Most Probable
0, 6, 3, 8, 4, 7, 10, 1, 9, 2, 5, 
Locations ordered by Closest
0, 2, 5, 3, 1, 4, 7, 6, 10, 8, 9, 
Locations ordered by Random
0, 10, 1, 4, 8, 2, 6, 9, 5, 7, 3, 
Locations ordered by Monte Carlo Tree Search - UCT
0, 5, 7, 6, 1, 3, 2, 4, 9, 8, 10, 
Locations ordered by Expected Distance Fixed
0, 3, 4, 6, 7, 8, 2, 1, 5, 10, 9, 
Locations ordered by Expected Distance Murrieta
0, 3, 1, 5, 7, 6, 2, 10, 8, 9, 4, 
Locations ordered by Expected Distance Simple
0, 3, 4, 6, 7, 8, 9, 10, 2, 1, 5, 

Begin of test!
........................................................................................................................................................................................................................................................................................................................................................................................................................................................................................................................................................................................................................................................................................................................................................................................................................................................................................................................................................................................................................................Environment with 12
Loading data from mapsDB/mapH12001.txt
Locations
0, 0, 0.0285362
1, 0, 0.0452315
2, 0, 0.123005
3, 0, 0.0426086
4, 0, 0.106311
5, 0, 0.130451
6, 0, 0.093711
7, 0, 0.118289
8, 0, 0.0350664
9, 0, 0.0579865
10, 0, 0.126878
11, 0, 0.0919251
Distances table
0   323.267   188.882   522.422   419.836   377.99   414.63   285.22   486.576   487.559   268.191   351.647   
323.267   0   192.208   213.213   110.627   458.174   494.814   365.404   566.759   567.742   339.262   431.831   
188.882   192.208   0   390.534   287.948   266.551   303.191   173.782   375.137   376.12   147.64   240.208   
522.422   213.213   390.534   0   103   658.913   695.551   566.144   767.499   768.481   540.002   632.57   
419.836   110.627   287.948   103   0   556.328   592.967   463.559   664.914   665.895   437.417   529.985   
377.99   458.174   266.551   658.913   556.328   0   226.037   149.811   307.51   308.493   208.711   162.64   
414.63   494.814   303.191   695.551   592.967   226.037   0   196.167   215.439   216.836   238.723   79.799   
285.22   365.404   173.782   566.144   463.559   149.811   196.167   0   266.941   267.51   120.154   131.598   
486.576   566.759   375.137   767.499   664.914   307.51   215.439   266.941   0   121.255   309.426   214.255   
487.559   567.742   376.12   768.481   665.895   308.493   216.836   267.51   121.255   0   310.409   215.652   
268.191   339.262   147.64   540.002   437.417   208.711   238.723   120.154   309.426   310.409   0   177.397   
351.647   431.831   240.208   632.57   529.985   162.64   79.799   131.598   214.255   215.652   177.397   0   

Building strategies...
Locations ordered by Optimal
0, 7, 5, 11, 6, 8, 9, 10, 2, 1, 4, 3, 
Locations ordered by Worst
0, 9, 2, 6, 1, 11, 3, 8, 4, 5, 10, 7, 
Locations ordered by Optimal Expected
0, 2, 10, 7, 5, 11, 6, 9, 8, 1, 4, 3, 
Locations ordered by Worst Expected
0, 8, 3, 9, 1, 6, 4, 11, 2, 5, 10, 7, 
Locations ordered by Most Probable
0, 5, 10, 2, 7, 4, 6, 11, 9, 1, 3, 8, 
Locations ordered by Closest
0, 2, 10, 7, 11, 6, 8, 9, 5, 1, 4, 3, 
Locations ordered by Random
0, 3, 8, 1, 6, 9, 7, 2, 4, 5, 11, 10, 
Locations ordered by Monte Carlo Tree Search - UCT
0, 2, 10, 9, 8, 4, 1, 7, 5, 11, 6, 3, 
Locations ordered by Expected Distance Fixed
0, 2, 10, 7, 5, 11, 4, 6, 1, 9, 3, 8, 
Locations ordered by Expected Distance Murrieta
0, 2, 10, 7, 11, 6, 5, 9, 8, 4, 3, 1, 
Locations ordered by Expected Distance Simple
0, 2, 10, 7, 5, 11, 6, 9, 8, 4, 3, 1, 

Begin of test!
........................................................................................................................................................................................................................................................................................................................................................................................................................................................................................................................................................................................................................................................................................................................................................................................................................................................................................................................................................................................................................................
End of test!
*** Terminado normalmente ***




Iniciando: /home/izquierdocr/projects/shortestRouteTest/build/shortestroutetest
experimentH03-12maps02probU99.txt
Environment with 3
Loading data from mapsDB/mapH03002.txt
Locations
0, 0, 0.679043
1, 0, 0.268455
2, 0, 0.0525025
Distances table
0   255.049   207.108   
255.049   0   147.125   
207.108   147.125   0   

Building strategies...
Locations ordered by Optimal
0, 2, 1, 
Locations ordered by Worst
0, 1, 2, 
Locations ordered by Optimal Expected
0, 1, 2, 
Locations ordered by Worst Expected
0, 2, 1, 
Locations ordered by Most Probable
0, 1, 2, 
Locations ordered by Closest
0, 2, 1, 
Locations ordered by Random
0, 1, 2, 
Locations ordered by Monte Carlo Tree Search - UCT
0, 2, 1, 
Locations ordered by Expected Distance Fixed
0, 1, 2, 
Locations ordered by Expected Distance Murrieta
0, 1, 2, 
Locations ordered by Expected Distance Simple
0, 1, 2, 

Begin of test!
........................................................................................................................................................................................................................................................................................................................................................................................................................................................................................................................................................................................................................................................................................................................................................................................................................................................................................................................................................................................................................................Environment with 4
Loading data from mapsDB/mapH04002.txt
Locations
0, 0, 0.154822
1, 0, 0.199385
2, 0, 0.319429
3, 0, 0.326364
Distances table
0   133.556   81.3848   131.414   
133.556   0   105.627   262.728   
81.3848   105.627   0   215.042   
131.414   262.728   215.042   0   

Building strategies...
Locations ordered by Optimal
0, 2, 1, 3, 
Locations ordered by Worst
0, 1, 3, 2, 
Locations ordered by Optimal Expected
0, 2, 1, 3, 
Locations ordered by Worst Expected
0, 1, 3, 2, 
Locations ordered by Most Probable
0, 3, 2, 1, 
Locations ordered by Closest
0, 2, 1, 3, 
Locations ordered by Random
0, 2, 1, 3, 
Locations ordered by Monte Carlo Tree Search - UCT
0, 3, 1, 2, 
Locations ordered by Expected Distance Fixed
0, 2, 3, 1, 
Locations ordered by Expected Distance Murrieta
0, 2, 1, 3, 
Locations ordered by Expected Distance Simple
0, 2, 1, 3, 

Begin of test!
........................................................................................................................................................................................................................................................................................................................................................................................................................................................................................................................................................................................................................................................................................................................................................................................................................................................................................................................................................................................................................................Environment with 5
Loading data from mapsDB/mapH05002.txt
Locations
0, 0, 0.236502
1, 0, 0.0309891
2, 0, 0.304685
3, 0, 0.114471
4, 0, 0.313353
Distances table
0   109.355   126.497   118.569   93.1543   
109.355   0   72.0416   77.6569   127.539   
126.497   72.0416   0   46.9706   131.355   
118.569   77.6569   46.9706   0   120.598   
93.1543   127.539   131.355   120.598   0   

Building strategies...
Locations ordered by Optimal
0, 4, 3, 2, 1, 
Locations ordered by Worst
0, 2, 4, 1, 3, 
Locations ordered by Optimal Expected
0, 4, 2, 3, 1, 
Locations ordered by Worst Expected
0, 3, 1, 4, 2, 
Locations ordered by Most Probable
0, 4, 2, 3, 1, 
Locations ordered by Closest
0, 4, 3, 2, 1, 
Locations ordered by Random
0, 1, 3, 2, 4, 
Locations ordered by Monte Carlo Tree Search - UCT
0, 4, 1, 3, 2, 
Locations ordered by Expected Distance Fixed
0, 4, 2, 3, 1, 
Locations ordered by Expected Distance Murrieta
0, 4, 2, 3, 1, 
Locations ordered by Expected Distance Simple
0, 4, 2, 3, 1, 

Begin of test!
........................................................................................................................................................................................................................................................................................................................................................................................................................................................................................................................................................................................................................................................................................................................................................................................................................................................................................................................................................................................................................................Environment with 6
Loading data from mapsDB/mapH06002.txt
Locations
0, 0, 0.0284941
1, 0, 0.105528
2, 0, 0.285824
3, 0, 0.180563
4, 0, 0.237095
5, 0, 0.162496
Distances table
0   208.439   246.765   296.225   402.723   388.238   
208.439   0   240.019   177.083   260.007   245.522   
246.765   240.019   0   283.137   393.777   395.86   
296.225   177.083   283.137   0   241.581   244.493   
402.723   260.007   393.777   241.581   0   229.635   
388.238   245.522   395.86   244.493   229.635   0   

Building strategies...
Locations ordered by Optimal
0, 2, 1, 3, 4, 5, 
Locations ordered by Worst
0, 4, 2, 5, 1, 3, 
Locations ordered by Optimal Expected
0, 2, 1, 3, 4, 5, 
Locations ordered by Worst Expected
0, 5, 2, 4, 1, 3, 
Locations ordered by Most Probable
0, 2, 4, 3, 5, 1, 
Locations ordered by Closest
0, 1, 3, 4, 5, 2, 
Locations ordered by Random
0, 1, 3, 2, 5, 4, 
Locations ordered by Monte Carlo Tree Search - UCT
0, 2, 1, 3, 5, 4, 
Locations ordered by Expected Distance Fixed
0, 2, 3, 4, 1, 5, 
Locations ordered by Expected Distance Murrieta
0, 2, 3, 1, 4, 5, 
Locations ordered by Expected Distance Simple
0, 2, 3, 4, 5, 1, 

Begin of test!
........................................................................................................................................................................................................................................................................................................................................................................................................................................................................................................................................................................................................................................................................................................................................................................................................................................................................................................................................................................................................................................Environment with 7
Loading data from mapsDB/mapH07002.txt
Locations
0, 0, 0.149294
1, 0, 0.11028
2, 0, 0.131168
3, 0, 0.0841414
4, 0, 0.311782
5, 0, 0.209899
6, 0, 0.00343598
Distances table
0   182.414   110.196   258.924   296.99   284.551   200.569   
182.414   0   280.752   278.794   299.463   287.024   222.096   
110.196   280.752   0   339.794   377.86   365.421   281.439   
258.924   278.794   339.794   0   206.078   208.652   113.782   
296.99   299.463   377.86   206.078   0   166.309   179.48   
284.551   287.024   365.421   208.652   166.309   0   172.113   
200.569   222.096   281.439   113.782   179.48   172.113   0   

Building strategies...
Locations ordered by Optimal
0, 2, 1, 6, 3, 4, 5, 
Locations ordered by Worst
0, 3, 1, 4, 2, 5, 6, 
Locations ordered by Optimal Expected
0, 2, 4, 5, 3, 1, 6, 
Locations ordered by Worst Expected
0, 6, 2, 3, 1, 5, 4, 
Locations ordered by Most Probable
0, 4, 5, 2, 1, 3, 6, 
Locations ordered by Closest
0, 2, 1, 6, 3, 4, 5, 
Locations ordered by Random
0, 6, 5, 3, 1, 2, 4, 
Locations ordered by Monte Carlo Tree Search - UCT
0, 2, 1, 6, 3, 5, 4, 
Locations ordered by Expected Distance Fixed
0, 2, 4, 5, 1, 3, 6, 
Locations ordered by Expected Distance Murrieta
0, 2, 1, 6, 3, 4, 5, 
Locations ordered by Expected Distance Simple
0, 2, 4, 5, 3, 1, 6, 

Begin of test!
........................................................................................................................................................................................................................................................................................................................................................................................................................................................................................................................................................................................................................................................................................................................................................................................................................................................................................................................................................................................................................................Environment with 8
Loading data from mapsDB/mapH08002.txt
Locations
0, 0, 0.137072
1, 0, 0.186561
2, 0, 0.231937
3, 0, 0.0307708
4, 0, 0.0899297
5, 0, 0.0497315
6, 0, 0.0664498
7, 0, 0.207549
Distances table
0   205.51   328.576   362.279   411.747   418.078   371.108   232.723   
205.51   0   349.706   384.238   434.12   459.505   412.948   275.806   
328.576   349.706   0   221.966   271.434   298.89   252.747   197.321   
362.279   384.238   221.966   0   170.309   201.765   178.297   215.895   
411.747   434.12   271.434   170.309   0   181.995   193.321   264.948   
418.078   459.505   298.89   201.765   181.995   0   177.765   270.037   
371.108   412.948   252.747   178.297   193.321   177.765   0   224.309   
232.723   275.806   197.321   215.895   264.948   270.037   224.309   0   

Building strategies...
Locations ordered by Optimal
0, 1, 7, 2, 3, 4, 5, 6, 
Locations ordered by Worst
0, 5, 2, 6, 1, 4, 7, 3, 
Locations ordered by Optimal Expected
0, 1, 7, 2, 4, 6, 5, 3, 
Locations ordered by Worst Expected
0, 3, 5, 1, 4, 7, 6, 2, 
Locations ordered by Most Probable
0, 2, 7, 1, 4, 6, 5, 3, 
Locations ordered by Closest
0, 1, 7, 2, 3, 4, 5, 6, 
Locations ordered by Random
0, 4, 7, 3, 6, 2, 5, 1, 
Locations ordered by Monte Carlo Tree Search - UCT
0, 1, 3, 4, 5, 6, 7, 2, 
Locations ordered by Expected Distance Fixed
0, 1, 7, 2, 4, 6, 5, 3, 
Locations ordered by Expected Distance Murrieta
0, 1, 7, 2, 3, 4, 6, 5, 
Locations ordered by Expected Distance Simple
0, 1, 7, 2, 4, 6, 5, 3, 

Begin of test!
........................................................................................................................................................................................................................................................................................................................................................................................................................................................................................................................................................................................................................................................................................................................................................................................................................................................................................................................................................................................................................................Environment with 9
Loading data from mapsDB/mapH09002.txt
Locations
0, 0, 0.127621
1, 0, 0.183291
2, 0, 0.100136
3, 0, 0.136881
4, 0, 0.118759
5, 0, 0.0668935
6, 0, 0.0947026
7, 0, 0.0323487
8, 0, 0.139368
Distances table
0   124.368   111.296   174.355   221.853   248.024   214.698   179.782   122.338   
124.368   0   190.882   284.593   332.091   370.564   337.238   302.321   244.877   
111.296   190.882   0   156.74   204.238   339.706   292.297   243.297   185.853   
174.355   284.593   156.74   0   59.3848   349.99   302.581   253.167   195.723   
221.853   332.091   204.238   59.3848   0   395.831   348.421   299.007   241.564   
248.024   370.564   339.706   349.99   395.831   0   123.284   189.811   203.279   
214.698   337.238   292.297   302.581   348.421   123.284   0   102.255   134.64   
179.782   302.321   243.297   253.167   299.007   189.811   102.255   0   82.6691   
122.338   244.877   185.853   195.723   241.564   203.279   134.64   82.6691   0   

Building strategies...
Locations ordered by Optimal
0, 1, 2, 3, 4, 8, 7, 6, 5, 
Locations ordered by Worst
0, 4, 5, 3, 6, 2, 7, 1, 8, 
Locations ordered by Optimal Expected
0, 1, 2, 3, 4, 8, 7, 6, 5, 
Locations ordered by Worst Expected
0, 7, 4, 5, 2, 6, 3, 1, 8, 
Locations ordered by Most Probable
0, 1, 8, 3, 4, 2, 6, 5, 7, 
Locations ordered by Closest
0, 2, 3, 4, 8, 7, 6, 5, 1, 
Locations ordered by Random
0, 3, 5, 6, 2, 7, 1, 4, 8, 
Locations ordered by Monte Carlo Tree Search - UCT
0, 1, 2, 3, 4, 7, 8, 6, 5, 
Locations ordered by Expected Distance Fixed
0, 1, 8, 2, 3, 4, 6, 5, 7, 
Locations ordered by Expected Distance Murrieta
0, 1, 8, 7, 6, 5, 3, 4, 2, 
Locations ordered by Expected Distance Simple
0, 1, 8, 6, 5, 3, 4, 2, 7, 

Begin of test!
