#########################################################################################
Iniciando: /home/izquierdocr/projects/shortestRouteTest/build/shortestroutetest
experimentAY-H03-13maps01probG99.txt
Environment with 3
Loading data from mapsDB/mapH03001.txt
Locations
0, 0, 0.347821
1, 0, 0.235111
2, 0, 0.417068
Distances table
0   119.468   100   
119.468   0   87.9706   
100   87.9706   0   

Building strategies...
Locations ordered by Optimal in 0 seconds
0, 2, 1, 
Locations ordered by Worst in 0 seconds
0, 1, 2, 
Locations ordered by Optimal Expected in 0 seconds
0, 2, 1, 
Locations ordered by Worst Expected in 0 seconds
0, 1, 2, 
Locations ordered by Most Probable in 0 seconds
0, 2, 1, 
Locations ordered by Closest in 0 seconds
0, 2, 1, 
Locations ordered by Random in 0 seconds
0, 2, 1, 
Locations ordered by Monte Carlo Tree Search - UCT in 0 seconds
0, 2, 1, 
Locations ordered by Expected Distance Fixed in 0 seconds
0, 2, 1, 
Locations ordered by Expected Distance Murrieta in 0 seconds
0, 2, 1, 
Locations ordered by Expected Distance Simple in 0 seconds
0, 2, 1, 

Begin of test!
........................................................................................................................................................................................................................................................................................................................................................................................................................................................................................................................................................................................................................................................................................................................................................................................................................................................................................................................................................................................................................................Environment with 4
Loading data from mapsDB/mapH04001.txt
Locations
0, 0, 0.205779
1, 0, 0.257772
2, 0, 0.215289
3, 0, 0.321161
Distances table
0   263.333   348.806   544.581   
263.333   0   261.765   413.22   
348.806   261.765   0   315.007   
544.581   413.22   315.007   0   

Building strategies...
Locations ordered by Optimal in 0 seconds
0, 1, 2, 3, 
Locations ordered by Worst in 0 seconds
0, 3, 1, 2, 
Locations ordered by Optimal Expected in 0 seconds
0, 1, 2, 3, 
Locations ordered by Worst Expected in 0 seconds
0, 3, 1, 2, 
Locations ordered by Most Probable in 0 seconds
0, 3, 1, 2, 
Locations ordered by Closest in 0 seconds
0, 1, 2, 3, 
Locations ordered by Random in 0 seconds
0, 2, 1, 3, 
Locations ordered by Monte Carlo Tree Search - UCT in 1 seconds
0, 1, 2, 3, 
Locations ordered by Expected Distance Fixed in 0 seconds
0, 1, 2, 3, 
Locations ordered by Expected Distance Murrieta in 0 seconds
0, 1, 2, 3, 
Locations ordered by Expected Distance Simple in 0 seconds
0, 2, 3, 1, 

Begin of test!
........................................................................................................................................................................................................................................................................................................................................................................................................................................................................................................................................................................................................................................................................................................................................................................................................................................................................................................................................................................................................................................Environment with 5
Loading data from mapsDB/mapH05001.txt
Locations
0, 0, 0.193631
1, 0, 0.203868
2, 0, 0.152137
3, 0, 0.264994
4, 0, 0.18537
Distances table
0   241.941   207.096   296.037   317.196   
241.941   0   198.142   249.25   267.096   
207.096   198.142   0   142.368   219.593   
296.037   249.25   142.368   0   196.882   
317.196   267.096   219.593   196.882   0   

Building strategies...
Locations ordered by Optimal in 0 seconds
0, 1, 2, 3, 4, 
Locations ordered by Worst in 0 seconds
0, 3, 1, 4, 2, 
Locations ordered by Optimal Expected in 0 seconds
0, 2, 3, 4, 1, 
Locations ordered by Worst Expected in 0 seconds
0, 4, 2, 1, 3, 
Locations ordered by Most Probable in 0 seconds
0, 3, 1, 4, 2, 
Locations ordered by Closest in 0 seconds
0, 2, 3, 4, 1, 
Locations ordered by Random in 0 seconds
0, 2, 1, 3, 4, 
Locations ordered by Monte Carlo Tree Search - UCT in 1 seconds
0, 1, 2, 3, 4, 
Locations ordered by Expected Distance Fixed in 0 seconds
0, 3, 1, 2, 4, 
Locations ordered by Expected Distance Murrieta in 0 seconds
0, 3, 2, 1, 4, 
Locations ordered by Expected Distance Simple in 0 seconds
0, 3, 4, 2, 1, 

Begin of test!
........................................................................................................................................................................................................................................................................................................................................................................................................................................................................................................................................................................................................................................................................................................................................................................................................................................................................................................................................................................................................................................Environment with 6
Loading data from mapsDB/mapH06001.txt
Locations
0, 0, 0.131662
1, 0, 0.170008
2, 0, 0.158489
3, 0, 0.162087
4, 0, 0.246329
5, 0, 0.131425
Distances table
0   181.882   315.973   250.848   294.551   212.694   
181.882   0   274.777   210.895   275.723   195.522   
315.973   274.777   0   217.794   283.451   246.196   
250.848   210.895   217.794   0   136.196   150.096   
294.551   275.723   283.451   136.196   0   187.87   
212.694   195.522   246.196   150.096   187.87   0   

Building strategies...
Locations ordered by Optimal in 0 seconds
0, 1, 5, 4, 3, 2, 
Locations ordered by Worst in 0 seconds
0, 3, 1, 4, 2, 5, 
Locations ordered by Optimal Expected in 0 seconds
0, 1, 3, 4, 5, 2, 
Locations ordered by Worst Expected in 0 seconds
0, 2, 1, 4, 5, 3, 
Locations ordered by Most Probable in 0 seconds
0, 4, 1, 3, 2, 5, 
Locations ordered by Closest in 0 seconds
0, 1, 5, 3, 4, 2, 
Locations ordered by Random in 0 seconds
0, 3, 4, 2, 5, 1, 
Locations ordered by Monte Carlo Tree Search - UCT in 1 seconds
0, 1, 5, 4, 3, 2, 
Locations ordered by Expected Distance Fixed in 0 seconds
0, 1, 4, 3, 5, 2, 
Locations ordered by Expected Distance Murrieta in 0 seconds
0, 1, 5, 3, 4, 2, 
Locations ordered by Expected Distance Simple in 0 seconds
0, 4, 3, 2, 1, 5, 

Begin of test!
........................................................................................................................................................................................................................................................................................................................................................................................................................................................................................................................................................................................................................................................................................................................................................................................................................................................................................................................................................................................................................................Environment with 7
Loading data from mapsDB/mapH07001.txt
Locations
0, 0, 0.176626
1, 0, 0.146339
2, 0, 0.134005
3, 0, 0.16519
4, 0, 0.139435
5, 0, 0.102686
6, 0, 0.135718
Distances table
0   250.149   252.806   236.534   198.782   313.078   389.581   
250.149   0   158.681   198.941   321.02   465.091   541.179   
252.806   158.681   0   148.811   308.421   452.493   528.581   
236.534   198.941   148.811   0   294.149   438.221   514.309   
198.782   321.02   308.421   294.149   0   195.794   290.765   
313.078   465.091   452.493   438.221   195.794   0   251.51   
389.581   541.179   528.581   514.309   290.765   251.51   0   

Building strategies...
Locations ordered by Optimal in 0 seconds
0, 1, 2, 3, 4, 5, 6, 
Locations ordered by Worst in 0 seconds
0, 2, 5, 3, 6, 1, 4, 
Locations ordered by Optimal Expected in 0 seconds
0, 3, 2, 1, 4, 5, 6, 
Locations ordered by Worst Expected in 0 seconds
0, 6, 2, 5, 1, 4, 3, 
Locations ordered by Most Probable in 0 seconds
0, 3, 1, 4, 6, 2, 5, 
Locations ordered by Closest in 0 seconds
0, 4, 5, 6, 3, 2, 1, 
Locations ordered by Random in 0 seconds
0, 4, 3, 6, 2, 5, 1, 
Locations ordered by Monte Carlo Tree Search - UCT in 2 seconds
0, 3, 2, 1, 4, 5, 6, 
Locations ordered by Expected Distance Fixed in 0 seconds
0, 4, 3, 1, 2, 6, 5, 
Locations ordered by Expected Distance Murrieta in 0 seconds
0, 4, 5, 6, 3, 2, 1, 
Locations ordered by Expected Distance Simple in 0 seconds
0, 1, 2, 3, 5, 4, 6, 

Begin of test!
........................................................................................................................................................................................................................................................................................................................................................................................................................................................................................................................................................................................................................................................................................................................................................................................................................................................................................................................................................................................................................................Environment with 8
Loading data from mapsDB/mapH08001.txt
Locations
0, 0, 0.152673
1, 0, 0.10855
2, 0, 0.143529
3, 0, 0.112536
4, 0, 0.110296
5, 0, 0.17313
6, 0, 0.119236
7, 0, 0.0800495
Distances table
0   206.635   232.363   266.836   214.598   286.25   161.556   181.882   
206.635   0   208.338   249.439   278.617   480.216   358.836   289.907   
232.363   208.338   0   85.9411   287.426   506.772   385.392   304.865   
266.836   249.439   85.9411   0   327.083   538.831   417.451   336.924   
214.598   278.617   287.426   327.083   0   451.789   330.409   118.941   
286.25   480.216   506.772   538.831   451.789   0   154.811   416.174   
161.556   358.836   385.392   417.451   330.409   154.811   0   292.794   
181.882   289.907   304.865   336.924   118.941   416.174   292.794   0   

Building strategies...
Locations ordered by Optimal in 0 seconds
0, 1, 2, 3, 4, 7, 6, 5, 
Locations ordered by Worst in 0 seconds
0, 4, 3, 5, 2, 6, 1, 7, 
Locations ordered by Optimal Expected in 0 seconds
0, 6, 5, 7, 4, 2, 3, 1, 
Locations ordered by Worst Expected in 0 seconds
0, 3, 5, 1, 7, 6, 2, 4, 
Locations ordered by Most Probable in 0 seconds
0, 5, 2, 6, 3, 4, 1, 7, 
Locations ordered by Closest in 0 seconds
0, 6, 5, 7, 4, 1, 2, 3, 
Locations ordered by Random in 0 seconds
0, 5, 6, 1, 2, 4, 3, 7, 
Locations ordered by Monte Carlo Tree Search - UCT in 2 seconds
0, 5, 6, 7, 4, 1, 2, 3, 
Locations ordered by Expected Distance Fixed in 0 seconds
0, 6, 2, 5, 1, 4, 7, 3, 
Locations ordered by Expected Distance Murrieta in 0 seconds
0, 6, 5, 7, 4, 2, 3, 1, 
Locations ordered by Expected Distance Simple in 0 seconds
0, 1, 2, 3, 4, 7, 6, 5, 

Begin of test!
........................................................................................................................................................................................................................................................................................................................................................................................................................................................................................................................................................................................................................................................................................................................................................................................................................................................................................................................................................................................................................................Environment with 9
Loading data from mapsDB/mapH09001.txt
Locations
0, 0, 0.148732
1, 0, 0.13411
2, 0, 0.0936683
3, 0, 0.0828481
4, 0, 0.100678
5, 0, 0.12525
6, 0, 0.0648312
7, 0, 0.0858904
8, 0, 0.163992
Distances table
0   125.598   241.848   219.534   270.765   217.498   269.735   166.627   183.823   
125.598   0   195.451   182.25   224.368   113.024   352.274   249.167   141.569   
241.848   195.451   0   221.966   92.8701   283.598   500.985   397.877   159.711   
219.534   182.25   221.966   0   257.51   290.831   477.429   374.321   139.267   
270.765   224.368   92.8701   257.51   0   331.64   527.487   424.38   193.669   
217.498   113.024   283.598   290.831   331.64   0   444.174   341.066   249.149   
269.735   352.274   500.985   477.429   527.487   444.174   0   132.397   440.475   
166.627   249.167   397.877   374.321   424.38   341.066   132.397   0   336.196   
183.823   141.569   159.711   139.267   193.669   249.149   440.475   336.196   0   

Building strategies...
Locations ordered by Optimal in 1 seconds
0, 3, 8, 2, 4, 1, 5, 7, 6, 
Locations ordered by Worst in 1 seconds
0, 4, 7, 2, 6, 8, 5, 3, 1, 
Locations ordered by Optimal Expected in 1 seconds
0, 1, 5, 8, 2, 4, 3, 7, 6, 
Locations ordered by Worst Expected in 1 seconds
0, 4, 6, 2, 7, 3, 5, 8, 1, 
Locations ordered by Most Probable in 0 seconds
0, 8, 1, 5, 4, 2, 7, 3, 6, 
Locations ordered by Closest in 0 seconds
0, 1, 5, 8, 3, 2, 4, 7, 6, 
Locations ordered by Random in 0 seconds
0, 3, 8, 1, 2, 6, 5, 4, 7, 
Locations ordered by Monte Carlo Tree Search - UCT in 2 seconds
0, 7, 6, 3, 8, 1, 5, 2, 4, 
Locations ordered by Expected Distance Fixed in 0 seconds
0, 1, 8, 5, 7, 2, 3, 4, 6, 
Locations ordered by Expected Distance Murrieta in 0 seconds
0, 1, 8, 2, 4, 5, 3, 7, 6, 
Locations ordered by Expected Distance Simple in 0 seconds
0, 8, 2, 4, 1, 5, 3, 6, 7, 

Begin of test!
........................................................................................................................................................................................................................................................................................................................................................................................................................................................................................................................................................................................................................................................................................................................................................................................................................................................................................................................................................................................................................................Environment with 10
Loading data from mapsDB/mapH10001.txt
Locations
0, 0, 0.0776001
1, 0, 0.0791618
2, 0, 0.115929
3, 0, 0.101584
4, 0, 0.103482
5, 0, 0.0849106
6, 0, 0.0797193
7, 0, 0.127257
8, 0, 0.127021
9, 0, 0.103336
Distances table
0   172.912   309.309   201.083   139.113   49.0711   136.284   180.314   283.196   227.64   
172.912   0   225.439   303.711   241.74   209.74   215.083   259.113   377.125   321.569   
309.309   225.439   0   438.522   377.38   344.551   350.723   394.752   511.936   456.38   
201.083   303.711   438.522   0   108.255   243.368   233.782   280.297   236.125   179.74   
139.113   241.74   377.38   108.255   0   181.74   172.569   219.083   222.439   166.882   
49.0711   209.74   344.551   243.368   181.74   0   177.74   221.77   324.652   269.096   
136.284   215.083   350.723   233.782   172.569   177.74   0   82.4558   304.711   249.154   
180.314   259.113   394.752   280.297   219.083   221.77   82.4558   0   0   0   
283.196   377.125   511.936   236.125   222.439   324.652   304.711   0   0   102.012   
227.64   321.569   456.38   179.74   166.882   269.096   249.154   0   102.012   0   

Building strategies...
Locations ordered by Optimal in 6 seconds
0, 5, 4, 3, 9, 8, 7, 6, 1, 2, 
Locations ordered by Worst in 6 seconds
0, 8, 1, 3, 7, 4, 2, 9, 5, 6, 
Locations ordered by Optimal Expected in 6 seconds
0, 5, 6, 7, 8, 9, 3, 4, 1, 2, 
Locations ordered by Worst Expected in 6 seconds
0, 8, 2, 9, 1, 3, 6, 5, 7, 4, 
Locations ordered by Most Probable in 0 seconds
0, 7, 8, 2, 4, 9, 3, 5, 6, 1, 
Locations ordered by Closest in 0 seconds
0, 5, 6, 7, 8, 9, 4, 3, 1, 2, 
Locations ordered by Random in 0 seconds
0, 6, 2, 8, 9, 7, 5, 1, 3, 4, 
Locations ordered by Monte Carlo Tree Search - UCT in 3 seconds
0, 5, 2, 1, 6, 7, 8, 9, 4, 3, 
Locations ordered by Expected Distance Fixed in 0 seconds
0, 5, 4, 7, 6, 3, 1, 9, 8, 2, 
Locations ordered by Expected Distance Murrieta in 0 seconds
0, 5, 6, 7, 8, 9, 4, 3, 1, 2, 
Locations ordered by Expected Distance Simple in 0 seconds
0, 5, 7, 8, 9, 3, 4, 6, 2, 1, 

Begin of test!
........................................................................................................................................................................................................................................................................................................................................................................................................................................................................................................................................................................................................................................................................................................................................................................................................................................................................................................................................................................................................................................Environment with 11
Loading data from mapsDB/mapH11001.txt
Locations
0, 0, 0.0959854
1, 0, 0.0992825
2, 0, 0.17608
3, 0, 0.098612
4, 0, 0.0863656
5, 0, 0.0544576
6, 0, 0.0663585
7, 0, 0.075267
8, 0, 0.0778484
9, 0, 0.0973484
10, 0, 0.0723947
Distances table
0   319.664   170.497   267.439   367.546   235.87   588.842   489.47   666.734   759.812   553.22   
319.664   0   455.6   238.782   377.108   337.103   692.417   593.045   870.064   963.142   757.379   
170.497   455.6   0   401.375   501.483   352.652   625.256   525.885   557.352   650.429   442.593   
267.439   238.782   401.375   0   260.409   250.35   619.138   519.767   796.785   889.863   699.426   
367.546   377.108   501.483   260.409   0   346.245   715.033   615.66   893.922   987   804.019   
235.87   337.103   352.652   250.35   346.245   0   373.647   274.274   632.894   725.972   544.233   
588.842   692.417   625.256   619.138   715.033   373.647   0   187.296   907.478   1000.56   818.818   
489.47   593.045   525.885   519.767   615.66   274.274   187.296   0   807.348   900.426   718.688   
666.734   870.064   557.352   796.785   893.922   632.894   907.478   807.348   0   180.983   473.061   
759.812   963.142   650.429   889.863   987   725.972   1000.56   900.426   180.983   0   568.137   
553.22   757.379   442.593   699.426   804.019   544.233   818.818   718.688   473.061   568.137   0   

Building strategies...
Locations ordered by Optimal in 87 seconds
0, 1, 3, 4, 5, 7, 6, 2, 10, 8, 9, 
Locations ordered by Worst in 87 seconds
0, 6, 10, 4, 8, 1, 9, 3, 7, 2, 5, 
Locations ordered by Optimal Expected in 87 seconds
0, 2, 1, 3, 4, 5, 7, 6, 8, 9, 10, 
Locations ordered by Worst Expected in 87 seconds
0, 8, 6, 9, 4, 10, 1, 7, 3, 5, 2, 
Locations ordered by Most Probable in 0 seconds
0, 2, 1, 3, 9, 4, 8, 7, 10, 6, 5, 
Locations ordered by Closest in 0 seconds
0, 2, 5, 3, 1, 4, 7, 6, 10, 8, 9, 
Locations ordered by Random in 0 seconds
0, 9, 10, 3, 5, 7, 4, 6, 2, 8, 1, 
Locations ordered by Monte Carlo Tree Search - UCT in 5 seconds
0, 2, 10, 9, 8, 5, 1, 3, 4, 7, 6, 
Locations ordered by Expected Distance Fixed in 0 seconds
0, 2, 3, 1, 4, 5, 7, 10, 9, 8, 6, 
Locations ordered by Expected Distance Murrieta in 0 seconds
0, 2, 3, 1, 5, 7, 6, 4, 10, 9, 8, 
Locations ordered by Expected Distance Simple in 0 seconds
0, 2, 1, 3, 4, 5, 7, 6, 9, 8, 10, 

Begin of test!
........................................................................................................................................................................................................................................................................................................................................................................................................................................................................................................................................................................................................................................................................................................................................................................................................................................................................................................................................................................................................................................Environment with 12
Loading data from mapsDB/mapH12001.txt
Locations
0, 0, 0.146315
1, 0, 0.0674765
2, 0, 0.0735899
3, 0, 0.110662
4, 0, 0.105615
5, 0, 0.097746
6, 0, 0.07689
7, 0, 0.0723449
8, 0, 0.0627211
9, 0, 0.0564056
10, 0, 0.0675392
11, 0, 0.0626946
Distances table
0   323.267   188.882   522.422   419.836   377.99   414.63   285.22   486.576   487.559   268.191   351.647   
323.267   0   192.208   213.213   110.627   458.174   494.814   365.404   566.759   567.742   339.262   431.831   
188.882   192.208   0   390.534   287.948   266.551   303.191   173.782   375.137   376.12   147.64   240.208   
522.422   213.213   390.534   0   103   658.913   695.551   566.144   767.499   768.481   540.002   632.57   
419.836   110.627   287.948   103   0   556.328   592.967   463.559   664.914   665.895   437.417   529.985   
377.99   458.174   266.551   658.913   556.328   0   226.037   149.811   307.51   308.493   208.711   162.64   
414.63   494.814   303.191   695.551   592.967   226.037   0   196.167   215.439   216.836   238.723   79.799   
285.22   365.404   173.782   566.144   463.559   149.811   196.167   0   266.941   267.51   120.154   131.598   
486.576   566.759   375.137   767.499   664.914   307.51   215.439   266.941   0   121.255   309.426   214.255   
487.559   567.742   376.12   768.481   665.895   308.493   216.836   267.51   121.255   0   310.409   215.652   
268.191   339.262   147.64   540.002   437.417   208.711   238.723   120.154   309.426   310.409   0   177.397   
351.647   431.831   240.208   632.57   529.985   162.64   79.799   131.598   214.255   215.652   177.397   0   

Building strategies...
Locations ordered by Optimal in 1152 seconds
0, 7, 5, 11, 6, 8, 9, 10, 2, 1, 4, 3, 
Locations ordered by Worst in 1152 seconds
0, 9, 2, 6, 1, 11, 3, 8, 4, 5, 10, 7, 
Locations ordered by Optimal Expected in 1152 seconds
0, 2, 10, 7, 5, 11, 6, 8, 9, 1, 4, 3, 
Locations ordered by Worst Expected in 1152 seconds
0, 9, 3, 8, 1, 6, 4, 11, 2, 5, 10, 7, 
Locations ordered by Most Probable in 0 seconds
0, 3, 4, 5, 6, 2, 7, 10, 1, 8, 11, 9, 
Locations ordered by Closest in 0 seconds
0, 2, 10, 7, 11, 6, 8, 9, 5, 1, 4, 3, 
Locations ordered by Random in 0 seconds
0, 6, 7, 9, 4, 5, 3, 1, 2, 11, 8, 10, 
Locations ordered by Monte Carlo Tree Search - UCT in 8 seconds
0, 2, 4, 3, 1, 7, 5, 10, 11, 6, 9, 8, 
Locations ordered by Expected Distance Fixed in 0 seconds
0, 2, 5, 7, 10, 4, 3, 1, 6, 11, 8, 9, 
Locations ordered by Expected Distance Murrieta in 0 seconds
0, 2, 10, 7, 11, 6, 5, 8, 9, 4, 3, 1, 
Locations ordered by Expected Distance Simple in 0 seconds
0, 4, 3, 1, 2, 10, 7, 6, 11, 8, 9, 5, 

Begin of test!
........................................................................................................................................................................................................................................................................................................................................................................................................................................................................................................................................................................................................................................................................................................................................................................................................................................................................................................................................................................................................................................Environment with 13
Loading data from mapsDB/mapH13001.txt
Locations
0, 0, 0.0772604
1, 0, 0.0647552
2, 0, 0.0701913
3, 0, 0.15581
4, 0, 0.0503744
5, 0, 0.0759665
6, 0, 0.0671602
7, 0, 0.0608
8, 0, 0.0827136
9, 0, 0.0816486
10, 0, 0.0847977
11, 0, 0.0710304
12, 0, 0.0574913
Distances table
0   84.1838   166.794   190.895   119.828   265.647   374.095   444.865   530.439   502.966   257.723   274.368   454.978   
84.1838   0   251.22   275.321   179.652   282.392   370.167   440.936   526.51   499.037   342.149   358.794   471.723   
166.794   251.22   0   214.877   221.877   380.554   523.735   594.504   680.078   652.604   281.706   298.35   559.512   
190.895   275.321   214.877   0   235.865   395.127   542.451   613.219   698.794   671.32   180.924   129.77   573.5   
119.828   179.652   221.877   235.865   0   184.622   402.777   473.546   559.12   531.647   304.279   320.924   337.22   
265.647   282.392   380.554   395.127   184.622   0   376.51   447.279   532.853   505.38   462.37   479.015   291.74   
374.095   370.167   523.735   542.451   402.777   376.51   0   137.995   230.196   196.096   610.45   627.095   637.446   
444.865   440.936   594.504   613.219   473.546   447.279   137.995   0   153.485   84.6691   680.047   696.693   707.043   
530.439   526.51   680.078   698.794   559.12   532.853   230.196   153.485   0   236.154   765.621   782.266   792.615   
502.966   499.037   652.604   671.32   531.647   505.38   196.096   84.6691   236.154   0   739.148   755.793   766.143   
257.723   342.149   281.706   180.924   304.279   462.37   610.45   680.047   765.621   739.148   0   271.439   639.914   
274.368   358.794   298.35   129.77   320.924   479.015   627.095   696.693   782.266   755.793   271.439   0   656.145   
454.978   471.723   559.512   573.5   337.22   291.74   637.446   707.043   792.615   766.143   639.914   656.145   0   

Building strategies...
Locations ordered by Optimal in 14761 seconds
0, 1, 2, 11, 3, 10, 4, 12, 5, 6, 9, 7, 8, 
Locations ordered by Worst in 14761 seconds
0, 12, 1, 5, 2, 8, 3, 7, 11, 6, 10, 9, 4, 
Locations ordered by Optimal Expected in 14761 seconds
0, 1, 3, 11, 10, 2, 4, 5, 6, 7, 9, 8, 12, 
Locations ordered by Worst Expected in 14761 seconds
0, 12, 7, 11, 8, 10, 9, 2, 6, 4, 1, 5, 3, 
Locations ordered by Most Probable in 0 seconds
0, 3, 10, 8, 9, 5, 11, 2, 6, 1, 7, 12, 4, 
Locations ordered by Closest in 0 seconds
0, 1, 4, 5, 12, 2, 3, 11, 10, 6, 7, 9, 8, 
Locations ordered by Random in 0 seconds
0, 7, 4, 11, 10, 8, 1, 3, 9, 6, 5, 12, 2, 
Locations ordered by Monte Carlo Tree Search - UCT in 7 seconds
0, 3, 11, 10, 1, 2, 4, 5, 12, 6, 7, 9, 8, 
Locations ordered by Expected Distance Fixed in 0 seconds
0, 3, 1, 2, 4, 10, 5, 11, 6, 9, 8, 7, 12, 
Locations ordered by Expected Distance Murrieta in 0 seconds
0, 3, 11, 10, 2, 1, 4, 5, 12, 9, 7, 8, 6, 
Locations ordered by Expected Distance Simple in 0 seconds
0, 1, 3, 10, 2, 4, 5, 12, 6, 8, 9, 7, 11, 

Begin of test!
........................................................................................................................................................................................................................................................................................................................................................................................................................................................................................................................................................................................................................................................................................................................................................................................................................................................................................................................................................................................................................................
End of test!
*** Terminado normalmente ***

#########################################################################################
Iniciando: /home/izquierdocr/projects/shortestRouteTest/build/shortestroutetest
experimentAY-H03-13maps02probG99.txt
Environment with 3
Loading data from mapsDB/mapH03002.txt
Locations
0, 0, 0.2765
1, 0, 0.34159
2, 0, 0.38191
Distances table
0   255.049   207.108   
255.049   0   147.125   
207.108   147.125   0   

Building strategies...
Locations ordered by Optimal in 0 seconds
0, 2, 1, 
Locations ordered by Worst in 0 seconds
0, 1, 2, 
Locations ordered by Optimal Expected in 0 seconds
0, 2, 1, 
Locations ordered by Worst Expected in 0 seconds
0, 1, 2, 
Locations ordered by Most Probable in 0 seconds
0, 2, 1, 
Locations ordered by Closest in 0 seconds
0, 2, 1, 
Locations ordered by Random in 0 seconds
0, 2, 1, 
Locations ordered by Monte Carlo Tree Search - UCT in 1 seconds
0, 2, 1, 
Locations ordered by Expected Distance Fixed in 0 seconds
0, 2, 1, 
Locations ordered by Expected Distance Murrieta in 0 seconds
0, 2, 1, 
Locations ordered by Expected Distance Simple in 0 seconds
0, 2, 1, 

Begin of test!
........................................................................................................................................................................................................................................................................................................................................................................................................................................................................................................................................................................................................................................................................................................................................................................................................................................................................................................................................................................................................................................Environment with 4
Loading data from mapsDB/mapH04002.txt
Locations
0, 0, 0.211592
1, 0, 0.273216
2, 0, 0.254705
3, 0, 0.260487
Distances table
0   133.556   81.3848   131.414   
133.556   0   105.627   262.728   
81.3848   105.627   0   215.042   
131.414   262.728   215.042   0   

Building strategies...
Locations ordered by Optimal in 0 seconds
0, 2, 1, 3, 
Locations ordered by Worst in 0 seconds
0, 1, 3, 2, 
Locations ordered by Optimal Expected in 0 seconds
0, 2, 1, 3, 
Locations ordered by Worst Expected in 0 seconds
0, 1, 3, 2, 
Locations ordered by Most Probable in 0 seconds
0, 1, 3, 2, 
Locations ordered by Closest in 0 seconds
0, 2, 1, 3, 
Locations ordered by Random in 0 seconds
0, 2, 1, 3, 
Locations ordered by Monte Carlo Tree Search - UCT in 1 seconds
0, 3, 2, 1, 
Locations ordered by Expected Distance Fixed in 0 seconds
0, 2, 1, 3, 
Locations ordered by Expected Distance Murrieta in 0 seconds
0, 2, 1, 3, 
Locations ordered by Expected Distance Simple in 0 seconds
0, 2, 1, 3, 

Begin of test!
........................................................................................................................................................................................................................................................................................................................................................................................................................................................................................................................................................................................................................................................................................................................................................................................................................................................................................................................................................................................................................................Environment with 5
Loading data from mapsDB/mapH05002.txt
Locations
0, 0, 0.252333
1, 0, 0.111633
2, 0, 0.228566
3, 0, 0.191501
4, 0, 0.215967
Distances table
0   109.355   126.497   118.569   93.1543   
109.355   0   72.0416   77.6569   127.539   
126.497   72.0416   0   46.9706   131.355   
118.569   77.6569   46.9706   0   120.598   
93.1543   127.539   131.355   120.598   0   

Building strategies...
Locations ordered by Optimal in 0 seconds
0, 4, 3, 2, 1, 
Locations ordered by Worst in 0 seconds
0, 2, 4, 1, 3, 
Locations ordered by Optimal Expected in 0 seconds
0, 4, 3, 2, 1, 
Locations ordered by Worst Expected in 0 seconds
0, 1, 4, 2, 3, 
Locations ordered by Most Probable in 0 seconds
0, 2, 4, 3, 1, 
Locations ordered by Closest in 0 seconds
0, 4, 3, 2, 1, 
Locations ordered by Random in 0 seconds
0, 2, 1, 3, 4, 
Locations ordered by Monte Carlo Tree Search - UCT in 1 seconds
0, 4, 1, 2, 3, 
Locations ordered by Expected Distance Fixed in 0 seconds
0, 4, 2, 3, 1, 
Locations ordered by Expected Distance Murrieta in 0 seconds
0, 4, 3, 2, 1, 
Locations ordered by Expected Distance Simple in 0 seconds
0, 4, 2, 3, 1, 

Begin of test!
........................................................................................................................................................................................................................................................................................................................................................................................................................................................................................................................................................................................................................................................................................................................................................................................................................................................................................................................................................................................................................................Environment with 6
Loading data from mapsDB/mapH06002.txt
Locations
0, 0, 0.136953
1, 0, 0.134149
2, 0, 0.174464
3, 0, 0.177901
4, 0, 0.248837
5, 0, 0.127696
Distances table
0   208.439   246.765   296.225   402.723   388.238   
208.439   0   240.019   177.083   260.007   245.522   
246.765   240.019   0   283.137   393.777   395.86   
296.225   177.083   283.137   0   241.581   244.493   
402.723   260.007   393.777   241.581   0   229.635   
388.238   245.522   395.86   244.493   229.635   0   

Building strategies...
Locations ordered by Optimal in 0 seconds
0, 2, 1, 3, 4, 5, 
Locations ordered by Worst in 0 seconds
0, 4, 2, 5, 1, 3, 
Locations ordered by Optimal Expected in 0 seconds
0, 1, 3, 4, 5, 2, 
Locations ordered by Worst Expected in 0 seconds
0, 5, 2, 4, 1, 3, 
Locations ordered by Most Probable in 0 seconds
0, 4, 3, 2, 1, 5, 
Locations ordered by Closest in 0 seconds
0, 1, 3, 4, 5, 2, 
Locations ordered by Random in 0 seconds
0, 3, 4, 2, 5, 1, 
Locations ordered by Monte Carlo Tree Search - UCT in 2 seconds
0, 2, 1, 3, 5, 4, 
Locations ordered by Expected Distance Fixed in 0 seconds
0, 2, 1, 4, 3, 5, 
Locations ordered by Expected Distance Murrieta in 0 seconds
0, 2, 1, 3, 4, 5, 
Locations ordered by Expected Distance Simple in 0 seconds
0, 2, 3, 4, 1, 5, 

Begin of test!
........................................................................................................................................................................................................................................................................................................................................................................................................................................................................................................................................................................................................................................................................................................................................................................................................................................................................................................................................................................................................................................Environment with 7
Loading data from mapsDB/mapH07002.txt
Locations
0, 0, 0.105886
1, 0, 0.16485
2, 0, 0.117502
3, 0, 0.184303
4, 0, 0.127448
5, 0, 0.128086
6, 0, 0.171925
Distances table
0   182.414   110.196   258.924   296.99   284.551   200.569   
182.414   0   280.752   278.794   299.463   287.024   222.096   
110.196   280.752   0   339.794   377.86   365.421   281.439   
258.924   278.794   339.794   0   206.078   208.652   113.782   
296.99   299.463   377.86   206.078   0   166.309   179.48   
284.551   287.024   365.421   208.652   166.309   0   172.113   
200.569   222.096   281.439   113.782   179.48   172.113   0   

