mapH11004.jpg
11
484 247
345 225
252 231
90 216
110 100
242 79
455 69
588 78
630 224
382 62
312 64
0 206.605 347.137 459.534 573.835 350.522 216.108 249.676 275.735 226.836 278.363
206.605 0 192.924 305.321 420.865 197.966 260.635 303.233 334.463 177.912 174.255
347.137 192.924 0 234.309 350.267 155.728 400.681 443.279 476.581 268.267 205.125
459.534 305.321 234.309 0 189.64 233.451 510.664 553.262 587.391 377.836 314.694
573.835 420.865 350.267 189.64 0 335.326 614.609 657.206 700.863 480.953 417.811
350.522 197.966 155.728 233.451 335.326 0 391.225 433.823 478.723 257.154 194.012
216.108 260.635 400.681 510.664 614.609 391.225 0 169.054 248.333 257.681 317.409
249.676 303.233 443.279 553.262 657.206 433.823 169.054 0 262.091 297.451 357.179
275.735 334.463 476.581 587.391 700.863 478.723 248.333 262.091 0 344.836 404.564
226.836 177.912 268.267 377.836 480.953 257.154 257.681 297.451 344.836 0 160.971
278.363 174.255 205.125 314.694 417.811 194.012 317.409 357.179 404.564 160.971 0

