mapH12002.jpg
12
198 190
295 214
95 295
73 197
84 132
94 58
164 123
240 113
349 104
382 220
23 128
114 217
0 106.698 227.167 152.681 157.024 184.723 85.1127 93.9828 185.551 280.125 230.735 148.154
106.698 0 332.865 258.38 262.723 284.877 190.811 131.326 182.765 277.338 336.434 253.853
227.167 332.865 0 187.368 199.167 265.995 202.024 295.279 397.978 492.551 272.877 102.397
152.681 258.38 187.368 0 79.9117 190.681 127.539 220.794 323.493 418.066 153.622 106.698
157.024 262.723 199.167 79.9117 0 195.024 131.882 225.137 327.836 422.409 83.2548 118.497
184.723 284.877 265.995 190.681 195.024 0 105.64 168.539 312.747 407.321 268.735 186.983
85.1127 190.811 202.024 127.539 131.882 105.64 0 106.74 255.924 350.498 206.836 124.255
93.9828 131.326 295.279 220.794 225.137 168.539 106.74 0 144.794 239.368 298.848 216.267
185.551 182.765 397.978 323.493 327.836 312.747 255.924 144.794 0 129.255 401.203 318.622
280.125 277.338 492.551 418.066 422.409 407.321 350.498 239.368 129.255 0 497.777 415.196
230.735 336.434 272.877 153.622 83.2548 268.735 206.836 298.848 401.203 497.777 0 191.38
148.154 253.853 102.397 106.698 118.497 186.983 124.255 216.267 318.622 415.196 191.38 0

