mapH09003.jpg
9
82 237
72 306
61 179
60 62
156 57
158 107
155 151
160 190
156 268
0 72.7279 112.598 215.439 218.782 185.255 160.083 105.941 101.255
72.7279 0 177.368 280.208 283.551 250.024 224.853 170.711 136.87
112.598 177.368 0 189.024 193.196 159.669 134.498 134.397 141.752
215.439 280.208 189.024 0 135.794 119.569 133.551 237.409 245.35
218.782 283.551 193.196 135.794 0 101.983 127.681 234.125 242.066
185.255 250.024 159.669 119.569 101.983 0 88.4264 196.527 204.468
160.083 224.853 134.498 133.551 127.681 88.4264 0 173.77 181.711
105.941 170.711 134.397 237.409 234.125 196.527 173.77 0 79.2426
101.255 136.87 141.752 245.35 242.066 204.468 181.711 79.2426 0

