mapH06004.jpg
6
98 179
169 146
74 107
153 98
174 46
76 51
0 86.3554 141.083 113.154 167.995 169.61
86.3554 0 163.912 109.184 184.196 192.439
141.083 163.912 0 83.7279 124.61 123.225
113.154 109.184 83.7279 0 83.5686 95.8112
167.995 184.196 124.61 83.5686 0 116.397
169.61 192.439 123.225 95.8112 116.397 0

