mapH09001.jpg
9
252 338
223 224
107 162
104 350
191 142
282 135
404 204
411 319
99 263
0 125.598 241.848 219.534 270.765 217.498 269.735 166.627 183.823
125.598 0 195.451 182.25 224.368 113.024 352.274 249.167 141.569
241.848 195.451 0 221.966 92.8701 283.598 500.985 397.877 159.711
219.534 182.25 221.966 0 257.51 290.831 477.429 374.321 139.267
270.765 224.368 92.8701 257.51 0 331.64 527.487 424.38 193.669
217.498 113.024 283.598 290.831 331.64 0 444.174 341.066 249.149
269.735 352.274 500.985 477.429 527.487 444.174 0 132.397 440.475
166.627 249.167 397.877 374.321 424.38 341.066 132.397 0 336.196
183.823 141.569 159.711 139.267 193.669 249.149 440.475 336.196 0

