mapH11003.jpg
11
82 240
81 133
179 299
342 318
453 300
459 184
442 80
277 276
387 243
331 190
206 187
0 311.882 161.971 316.77 432.326 437.848 428.162 211.699 308.071 268.64 147.983
311.882 0 281.77 431.598 472.819 399.912 386.498 282.794 348.836 271.711 164.385
161.971 281.77 0 171.456 286.598 386.86 377.588 156.983 255.012 217.652 122.77
316.77 431.598 171.456 0 118.213 303.664 294.806 239.953 94.1543 167.037 269.355
432.326 472.819 286.598 118.213 0 339.149 330.292 275.439 126.326 202.522 329.179
437.848 399.912 386.86 303.664 339.149 0 126.368 284.89 214.581 171.38 295.137
428.162 386.498 377.588 294.806 330.292 126.368 0 277.274 206.966 163.765 287.522
211.699 282.794 156.983 239.953 275.439 284.89 277.274 0 154.699 117.338 117.995
308.071 348.836 255.012 94.1543 126.326 214.581 206.966 154.699 0 78.1249 204.368
268.64 271.711 217.652 167.037 202.522 171.38 163.765 117.338 78.1249 0 126.828
147.983 164.385 122.77 269.355 329.179 295.137 287.522 117.995 204.368 126.828 0

