mapH13003.jpg
13
299 178
378 119
298 245
385 323
182 146
96 297
214 316
211 222
80 65
157 56
282 48
420 48
267 112
0 104.024 67 265.167 130.012 266.208 319.723 207.083 263.493 286.907 163.752 208.995 87.4559
104.024 0 161.823 359.99 222.267 368.818 422.333 309.694 355.747 379.162 238.735 283.978 163.267
67 161.823 0 206.297 158.765 280.877 334.392 221.752 292.659 316.073 230.338 275.581 154.042
265.167 359.99 206.297 0 324.279 446.392 499.907 387.267 458.174 481.588 424.848 470.091 343.581
130.012 222.267 158.765 324.279 0 186.208 240.551 127.912 135.723 159.137 260.936 306.179 178.841
266.208 368.818 280.877 446.392 186.208 0 132.255 145.409 272.995 298.752 410.73 455.973 328.635
319.723 422.333 334.392 499.907 240.551 132.255 0 187.652 332.38 358.137 461.831 507.073 379.735
207.083 309.694 221.752 387.267 127.912 145.409 187.652 0 237.966 263.723 349.191 394.434 267.096
263.493 355.747 292.659 458.174 135.723 272.995 332.38 237.966 0 80.4853 395.659 440.902 313.564
286.907 379.162 316.073 481.588 159.137 298.752 358.137 263.723 80.4853 0 419.073 464.316 336.978
163.752 238.735 230.338 424.848 260.936 410.73 461.831 349.191 395.659 419.073 0 161.368 130.196
208.995 283.978 275.581 470.091 306.179 455.973 507.073 394.434 440.902 464.316 161.368 0 178.853
87.4559 163.267 154.042 343.581 178.841 328.635 379.735 267.096 313.564 336.978 130.196 178.853 0

