mapH12005.jpg
12
227 211
274 211
377 235
389 117
337 114
180 123
52 129
49 179
47 240
121 243
174 241
111 124
0 48 290.451 243.853 169.953 107.054 225.64 190.184 197.569 163.527 105.284 251.426
48 0 250.966 204.368 130.054 139.752 271.811 236.355 244.154 210.113 152.284 297.598
290.451 250.966 0 145.681 192.167 329.794 506.605 471.149 486.12 452.078 393.836 532.392
243.853 204.368 145.681 0 140.255 277.882 455.522 420.066 435.037 400.995 343.581 481.309
169.953 130.054 192.167 140.255 0 160.485 364.221 328.765 339.463 305.422 248.421 390.007
107.054 139.752 329.794 277.882 160.485 0 268.137 232.681 243.794 209.752 152.752 293.924
225.64 271.811 506.605 455.522 364.221 268.137 0 78.3553 143.782 142.338 191.924 62.4853
190.184 236.355 471.149 420.066 328.765 232.681 78.3553 0 102.983 104.468 154.054 105.87
197.569 244.154 486.12 435.037 339.463 243.794 143.782 102.983 0 109.368 160.61 166.326
163.527 210.113 452.078 400.995 305.422 209.752 142.338 104.468 109.368 0 129.811 168.125
105.284 152.284 393.836 343.581 248.421 152.752 191.924 154.054 160.61 129.811 0 217.297
251.426 297.598 532.392 481.309 390.007 293.924 62.4853 105.87 166.326 168.125 217.297 0

