mapH07005.jpg
7
99 398
77 264
65 182
90 77
180 57
187 243
183 321
0 194.108 324.267 363.25 374.137 214.096 126.267
194.108 0 271.64 311.451 323.167 163.125 128.953
324.267 271.64 0 184.551 197.924 172.468 249.397
363.25 311.451 184.551 0 135.397 212.622 289.551
374.137 323.167 197.924 135.397 0 214.397 292.983
214.096 163.125 172.468 212.622 214.397 0 131.355
126.267 128.953 249.397 289.551 292.983 131.355 0

