mapH11001.jpg
11
301 479
158 521
456 515
119 359
139 182
321 251
514 257
528 90
769 113
801 277
805 399
0 319.664 170.497 267.439 367.546 235.87 588.842 489.47 666.734 759.812 553.22
319.664 0 455.6 238.782 377.108 337.103 692.417 593.045 870.064 963.142 757.379
170.497 455.6 0 401.375 501.483 352.652 625.256 525.885 557.352 650.429 442.593
267.439 238.782 401.375 0 260.409 250.35 619.138 519.767 796.785 889.863 699.426
367.546 377.108 501.483 260.409 0 346.245 715.033 615.66 893.922 987 804.019
235.87 337.103 352.652 250.35 346.245 0 373.647 274.274 632.894 725.972 544.233
588.842 692.417 625.256 619.138 715.033 373.647 0 187.296 907.478 1000.56 818.818
489.47 593.045 525.885 519.767 615.66 274.274 187.296 0 807.348 900.426 718.688
666.734 870.064 557.352 796.785 893.922 632.894 907.478 807.348 0 180.983 473.061
759.812 963.142 650.429 889.863 987 725.972 1000.56 900.426 180.983 0 568.137
553.22 757.379 442.593 699.426 804.019 544.233 818.818 718.688 473.061 568.137 0

