mapH11002.jpg
11
260 193
204 206
90 309
77 72
326 62
355 267
146 125
240 110
320 169
89 219
51 144
0 61.9706 324.409 265.338 179.539 124.995 143.024 90.8701 112.497 242.853 236.681
61.9706 0 277.238 203.279 209.108 174.782 111.983 110.497 162.284 195.681 189.51
324.409 277.238 0 259.368 432.895 452.605 210.811 305.995 440.108 116.941 206.096
265.338 203.279 259.368 0 328.179 379.475 132.711 178.083 366.978 176.154 152.338
179.539 209.108 432.895 328.179 0 299.605 247.782 151.853 286.279 350.095 343.924
124.995 174.782 452.605 379.475 299.605 0 267.848 211.007 114.569 367.676 361.505
143.024 111.983 210.811 132.711 247.782 267.848 0 122.539 257.35 129.669 123.498
90.8701 110.497 305.995 178.083 151.853 211.007 122.539 0 199.267 222.439 216.267
112.497 162.284 440.108 366.978 286.279 114.569 257.35 199.267 0 358.007 351.836
242.853 195.681 116.941 176.154 350.095 367.676 129.669 222.439 358.007 0 119.64
236.681 189.51 206.096 152.338 343.924 361.505 123.498 216.267 351.836 119.64 0

