mapH13004.jpg
13
160 241
105 245
219 243
43 223
58 180
69 103
76 40
227 101
289 300
298 228
214 172
157 92
148 167
0 57.2426 60.4142 148.669 136.326 277.238 235.38 167.338 180.882 143.556 148.225 176.569 78.5564
57.2426 0 115.414 93.3259 93.7696 291.48 249.622 208.522 236.711 199.385 204.054 217.752 110.627
60.4142 115.414 0 197.711 185.368 322.765 280.907 159.983 123.711 86.799 91.8823 217.953 124.083
148.669 93.3259 197.711 0 88.0122 302.238 260.38 233.463 310.723 273.397 278.066 230.564 127.125
136.326 93.7696 185.368 88.0122 0 286.995 245.137 218.221 298.794 261.468 266.137 215.321 111.882
277.238 291.48 322.765 302.238 286.995 0 82.9117 254.397 436.605 398.865 321.196 244.054 196.681
235.38 249.622 280.907 260.38 245.137 82.9117 0 214.125 396.333 358.593 280.924 203.782 156.409
167.338 208.522 159.983 233.463 218.221 254.397 214.125 0 229.297 182.598 89.4975 77.6274 106.924
180.882 236.711 123.711 310.723 298.794 436.605 396.333 229.297 0 137.669 164.267 296.752 239.681
143.556 199.385 86.799 273.397 261.468 398.865 358.593 182.598 137.669 0 114.569 247.054 200.184
148.225 204.054 91.8823 278.066 266.137 321.196 280.924 89.4975 164.267 114.569 0 156.368 167.024
176.569 217.752 217.953 230.564 215.321 244.054 203.782 77.6274 296.752 247.054 156.368 0 104.297
78.5564 110.627 124.083 127.125 111.882 196.681 156.409 106.924 239.681 200.184 167.024 104.297 0

