mapH13002.jpg
13
390 319
373 229
227 228
62 207
141 351
336 352
477 208
489 330
133 118
78 116
180 110
256 355
362 111
0 96.6274 203.966 402.174 279.823 231.924 408.618 525.618 365.546 458.015 341.019 192.083 283.262
96.6274 0 162.113 349.279 281.463 233.978 311.676 428.676 293.108 385.576 268.167 194.137 186.321
203.966 162.113 0 225.154 169.167 188.409 330.664 447.664 171.882 264.35 147.355 138.598 204.48
402.174 349.279 225.154 0 389.007 412.392 461.564 578.563 163.953 256.421 182.811 362.581 335.38
279.823 281.463 169.167 389.007 0 237.007 494.73 611.73 334.907 427.375 310.38 184.681 369.375
231.924 233.978 188.409 412.392 237.007 0 471.919 588.919 359.12 451.588 334.593 120.669 346.564
408.618 311.676 330.664 461.564 494.73 471.919 0 126.556 403.321 495.789 377.966 430.421 155.765
525.618 428.676 447.664 578.563 611.73 588.919 126.556 0 528.534 621.001 503.179 555.635 280.978
365.546 293.108 171.882 163.953 334.907 359.12 403.321 528.534 0 95.9828 124.912 311.309 278.309
458.015 385.576 264.35 256.421 427.375 451.588 495.789 621.001 95.9828 0 217.38 403.777 370.777
341.019 268.167 147.355 182.811 310.38 334.593 377.966 503.179 124.912 217.38 0 286.368 252.953
192.083 194.137 138.598 362.581 184.681 120.669 430.421 555.635 311.309 403.777 286.368 0 307.895
283.262 186.321 204.48 335.38 369.375 346.564 155.765 280.978 278.309 370.777 252.953 307.895 0

