mapH14001.jpg
14
281 406
241 416
334 439
238 310
239 230
378 341
153 81
347 83
333 146
371 193
112 134
162 137
332 256
132 365
0 44.7279 66.4264 117.255 192.983 134.326 399.794 363.225 281.125 282.326 420.598 364.083 260.983 200.77
44.7279 0 106.426 140.569 219.61 177.64 428.078 394.823 312.723 313.924 448.882 392.368 292.581 224.083
66.4264 106.426 0 172.208 247.936 115.811 454.747 410.723 327.794 328.995 475.551 419.037 307.652 255.723
117.255 140.569 172.208 0 184.468 228.137 393.765 360.51 278.409 279.61 414.569 358.054 258.267 143.426
192.983 219.61 247.936 184.468 0 303.865 237.806 205.38 142.782 147.497 258.61 202.096 127.397 275.439
134.326 177.64 115.811 228.137 303.865 0 506.576 462.551 379.622 380.823 527.38 470.865 359.48 307.551
399.794 428.078 454.747 393.765 237.806 506.576 0 204.527 272.191 276.907 161.012 59.3137 269.333 483.149
363.225 394.823 410.723 360.51 205.38 462.551 204.527 0 221.853 226.569 303.865 213.841 221.167 448.238
281.125 312.723 327.794 278.409 142.782 379.622 272.191 221.853 0 100.698 294.167 237.652 121.598 369.38
282.326 313.924 328.995 279.61 147.497 380.823 276.907 226.569 100.698 0 296.882 240.368 116.87 367.752
420.598 448.882 475.551 414.569 258.61 527.38 161.012 303.865 294.167 296.882 0 104.598 292.137 505.953
364.083 392.368 419.037 358.054 202.096 470.865 59.3137 213.841 237.652 240.368 104.598 0 235.208 449.024
260.983 292.581 307.652 258.267 127.397 359.48 269.333 221.167 121.598 116.87 292.137 235.208 0 349.238
200.77 224.083 255.723 143.426 275.439 307.551 483.149 448.238 369.38 367.752 505.953 449.024 349.238 0

