mapH10002.jpg
10
217 262
330 338
159 318
81 298
56 188
44 118
153 200
339 116
379 238
206 65
0 159.125 108.385 150.669 221.149 240.191 98.4681 207.765 264.25 201.142
159.125 0 244.581 289.35 378.274 397.316 255.593 356.605 443.966 358.267
108.385 244.581 0 129.054 298.706 317.747 176.024 306.091 362.576 284.498
150.669 289.35 129.054 0 337.747 356.789 215.066 345.132 401.617 323.539
221.149 378.274 298.706 337.747 0 113.782 122.439 363.505 419.99 201.534
240.191 397.316 317.747 356.789 113.782 0 142.309 383.375 439.86 188.681
98.4681 255.593 176.024 215.066 122.439 142.309 0 241.652 298.137 156.539
207.765 356.605 306.091 345.132 363.505 383.375 241.652 0 140.669 261.865
264.25 443.966 362.576 401.617 419.99 439.86 298.137 140.669 0 371.179
201.142 358.267 284.498 323.539 201.534 188.681 156.539 261.865 371.179 0

