mapH07001.jpg
7
284 261
124 273
79 145
149 84
340 85
487 80
430 283
0 250.149 252.806 236.534 198.782 313.078 389.581
250.149 0 158.681 198.941 321.02 465.091 541.179
252.806 158.681 0 148.811 308.421 452.493 528.581
236.534 198.941 148.811 0 294.149 438.221 514.309
198.782 321.02 308.421 294.149 0 195.794 290.765
313.078 465.091 452.493 438.221 195.794 0 251.51
389.581 541.179 528.581 514.309 290.765 251.51 0

