mapH12004.jpg
12
225 208
84 152
100 50
348 202
423 255
502 291
496 164
481 54
407 77
301 75
199 55
37 46
0 268.078 239.238 302.279 339.38 411.961 326.38 335.049 265.409 170.267 163.355 306.338
268.078 0 176.865 455.588 492.689 565.269 478.032 479.245 408.777 249.895 155.765 125.054
239.238 176.865 0 416.806 453.907 526.487 439.25 440.463 369.995 209.456 101.657 205.569
302.279 455.588 416.806 0 136.297 208.877 195.966 208.292 154.64 208.765 319.049 490.12
339.38 492.689 453.907 136.297 0 93.8406 224.711 237.037 185.042 248.279 358.564 529.635
411.961 565.269 526.487 208.877 93.8406 0 297.292 309.617 256.794 320.86 431.144 602.215
326.38 478.032 439.25 195.966 224.711 297.292 0 150.38 142.125 231.208 341.493 512.564
335.049 479.245 440.463 208.292 237.037 309.617 150.38 0 143.681 233.593 343.877 514.948
265.409 408.777 369.995 154.64 185.042 256.794 142.125 143.681 0 163.539 273.823 444.895
170.267 249.895 209.456 208.765 248.279 320.86 231.208 233.593 163.539 0 110.87 282.77
163.355 155.765 101.657 319.049 358.564 431.144 341.493 343.877 273.823 110.87 0 189.882
306.338 125.054 205.569 490.12 529.635 602.215 512.564 514.948 444.895 282.77 189.882 0

