mapH13005.jpg
13
192 273
268 291
86 275
92 147
56 218
202 163
297 109
327 194
408 93
406 211
406 295
154 292
441 180
0 84.0416 156.723 175.551 204.853 113.728 207.078 172.096 338.865 306.924 269.711 127.326 317.782
84.0416 0 241.35 260.179 289.48 154.924 210.711 136.811 303.581 271.64 234.012 212.368 282.498
156.723 241.35 0 154.924 79.8823 164.664 281.203 286.066 454.493 422.551 389.066 148.439 433.409
175.551 260.179 154.924 0 103.468 177.279 293.818 306.137 474.564 442.622 409.137 170.267 453.48
204.853 289.48 79.8823 103.468 0 210.38 326.919 332.196 500.622 468.681 435.196 194.569 479.539
113.728 154.924 164.664 177.279 210.38 0 117.125 177.669 349.978 318.037 284.966 150.953 328.895
207.078 210.711 281.203 293.818 326.919 117.125 0 97.0122 367.865 335.924 303.681 255.191 346.782
172.096 136.811 286.066 306.137 332.196 177.669 97.0122 0 289.066 257.125 224.882 256.74 267.983
338.865 303.581 454.493 474.564 500.622 349.978 367.865 289.066 0 156.581 316.652 426.752 167.439
306.924 271.64 422.551 442.622 468.681 318.037 335.924 257.125 156.581 0 285.539 395.64 58.9706
269.711 234.012 389.066 409.137 435.196 284.966 303.681 224.882 316.652 285.539 0 359.326 293.154
127.326 212.368 148.439 170.267 194.569 150.953 255.191 256.74 426.752 395.64 359.326 0 405.255
317.782 282.498 433.409 453.48 479.539 328.895 346.782 267.983 167.439 58.9706 293.154 405.255 0

