mapH08001.jpg
8
247 339
112 345
115 164
190 139
276 136
411 190
403 327
332 212
0 206.635 232.363 266.836 214.598 286.25 161.556 181.882
206.635 0 208.338 249.439 278.617 480.216 358.836 289.907
232.363 208.338 0 85.9411 287.426 506.772 385.392 304.865
266.836 249.439 85.9411 0 327.083 538.831 417.451 336.924
214.598 278.617 287.426 327.083 0 451.789 330.409 118.941
286.25 480.216 506.772 538.831 451.789 0 154.811 416.174
161.556 358.836 385.392 417.451 330.409 154.811 0 292.794
181.882 289.907 304.865 336.924 118.941 416.174 292.794 0

