mapH13001.jpg
13
433 468
361 498
564 515
591 385
436 349
288 262
166 318
66 329
147 403
100 258
586 313
567 470
563 218
0 84.1838 166.794 190.895 119.828 265.647 374.095 444.865 530.439 502.966 257.723 274.368 454.978
84.1838 0 251.22 275.321 179.652 282.392 370.167 440.936 526.51 499.037 342.149 358.794 471.723
166.794 251.22 0 214.877 221.877 380.554 523.735 594.504 680.078 652.604 281.706 298.35 559.512
190.895 275.321 214.877 0 235.865 395.127 542.451 613.219 698.794 671.32 180.924 129.77 573.5
119.828 179.652 221.877 235.865 0 184.622 402.777 473.546 559.12 531.647 304.279 320.924 337.22
265.647 282.392 380.554 395.127 184.622 0 376.51 447.279 532.853 505.38 462.37 479.015 291.74
374.095 370.167 523.735 542.451 402.777 376.51 0 137.995 230.196 196.096 610.45 627.095 637.446
444.865 440.936 594.504 613.219 473.546 447.279 137.995 0 153.485 84.6691 680.047 696.693 707.043
530.439 526.51 680.078 698.794 559.12 532.853 230.196 153.485 0 236.154 765.621 782.266 792.615
502.966 499.037 652.604 671.32 531.647 505.38 196.096 84.6691 236.154 0 739.148 755.793 766.143
257.723 342.149 281.706 180.924 304.279 462.37 610.45 680.047 765.621 739.148 0 271.439 639.914
274.368 358.794 298.35 129.77 320.924 479.015 627.095 696.693 782.266 755.793 271.439 0 656.145
454.978 471.723 559.512 573.5 337.22 291.74 637.446 707.043 792.615 766.143 639.914 656.145 0

