mapH10005.jpg
10
165 72
247 72
52 78
85 144
68 212
85 296
218 274
251 211
244 143
104 29
0 90.8701 133.64 113.267 217.669 265.338 223.539 205.669 131.841 125.184
90.8701 0 214.811 191.167 265.451 313.12 253.096 235.225 160.569 206.355
133.64 214.811 0 126.426 304.238 351.907 314.25 296.38 225.48 83.3554
113.267 191.167 126.426 0 222.74 270.409 232.752 214.882 163.314 122.456
217.669 265.451 304.238 222.74 0 165.953 183.74 184 204.096 288.853
265.338 313.12 351.907 270.409 165.953 0 200.108 207.409 252.593 337.35
223.539 253.096 314.25 232.752 183.74 200.108 0 119.841 194.983 302.108
205.669 235.225 296.38 214.882 184 207.409 119.841 0 173.87 280.995
131.841 160.569 225.48 163.314 204.096 252.593 194.983 173.87 0 216.196
125.184 206.355 83.3554 122.456 288.853 337.35 302.108 280.995 216.196 0

