mapH14004.jpg
14
215 157
136 214
104 355
57 221
41 162
43 100
211 69
316 100
318 297
406 178
418 126
113 159
314 232
441 65
0 109.74 384.38 1.41421 198.468 195.054 118.983 123.539 203.853 215.61 247.622 108.385 157.841 260.966
109.74 0 391.38 244.539 205.468 202.054 175.652 235.522 305.48 327.593 359.605 86.7696 259.468 372.948
384.38 391.38 0 153.054 230.368 283.167 398.12 503.534 590.474 595.605 627.617 366.48 544.463 640.96
1.41421 244.539 153.054 0 82.6985 135.498 251.279 356.694 443.635 448.765 480.777 219.64 397.622 494.12
198.468 205.468 230.368 82.6985 0 93.598 210.208 315.622 402.564 407.694 439.706 178.569 356.551 453.049
195.054 202.054 283.167 135.498 93.598 0 192.113 313.794 400.735 405.865 437.877 176.74 354.723 451.22
118.983 175.652 398.12 251.279 210.208 192.113 0 173.936 271.907 266.007 298.02 161.338 225.895 311.363
123.539 235.522 503.534 356.694 315.622 313.794 173.936 0 226.409 132.853 124.255 234.167 180.397 137.598
203.853 305.48 590.474 443.635 402.564 400.735 271.907 226.409 0 317.551 349.564 307.024 102.225 362.907
215.61 327.593 595.605 448.765 407.694 405.865 266.007 132.853 317.551 0 209.267 324.652 269.125 223.024
247.622 359.605 627.617 480.777 439.706 437.877 298.02 124.255 349.564 209.267 0 355.421 299.895 130.426
108.385 86.7696 366.48 219.64 178.569 176.74 161.338 234.167 307.024 324.652 355.421 0 258.184 367.936
157.841 259.468 544.463 397.622 356.551 354.723 225.895 180.397 102.225 269.125 299.895 258.184 0 314.895
260.966 372.948 640.96 494.12 453.049 451.22 311.363 137.598 362.907 223.024 130.426 367.936 314.895 0

