mapH08004.jpg
8
228 292
81 247
60 139
212 140
407 277
415 160
420 81
281 55
0 184.723 233.89 175.61 272.588 243.191 290.115 258.539
184.723 0 124.941 260.066 397.12 366.895 407.375 343.823
233.89 124.941 0 293.907 428.89 398.664 439.144 375.593
175.61 260.066 293.907 0 262.806 216.841 257.321 124.811
272.588 397.12 428.89 262.806 0 176.338 239.078 273.777
243.191 366.895 398.664 216.841 176.338 0 150.681 218.024
290.115 407.375 439.144 257.321 239.078 150.681 0 258.848
258.539 343.823 375.593 124.811 273.777 218.024 258.848 0

