mapH09004.jpg
9
153 149
40 195
80 137
153 49
182 116
229 138
270 203
271 348
253 165
0 123.113 122.456 108.698 129.77 93.2549 129.598 255.096 1114.32
123.113 0 79.7696 213.012 234.083 208.326 244.669 370.167 1103.13
122.456 79.7696 0 213.941 235.012 209.255 245.598 371.096 1100.24
108.698 213.012 213.941 0 78.598 202.953 239.297 364.794 1111.42
129.77 234.083 235.012 78.598 0 224.853 261.196 386.694 1111.83
93.2549 208.326 209.255 202.953 224.853 0 132.225 257.723 1121.36
129.598 244.669 245.598 239.297 261.196 132.225 0 220.267 1123.02
255.096 370.167 371.096 364.794 386.694 257.723 220.267 0 1120.53
1114.32 1103.13 1100.24 1111.42 1111.83 1121.36 1123.02 1120.53 0

