mapH09002.jpg
9
139 221
49 199
73 147
165 57
210 72
325 309
344 199
276 141
229 147
0 124.368 111.296 174.355 221.853 248.024 214.698 179.782 122.338
124.368 0 190.882 284.593 332.091 370.564 337.238 302.321 244.877
111.296 190.882 0 156.74 204.238 339.706 292.297 243.297 185.853
174.355 284.593 156.74 0 59.3848 349.99 302.581 253.167 195.723
221.853 332.091 204.238 59.3848 0 395.831 348.421 299.007 241.564
248.024 370.564 339.706 349.99 395.831 0 123.284 189.811 203.279
214.698 337.238 292.297 302.581 348.421 123.284 0 102.255 134.64
179.782 302.321 243.297 253.167 299.007 189.811 102.255 0 82.6691
122.338 244.877 185.853 195.723 241.564 203.279 134.64 82.6691 0

