mapH08005.jpg
8
74 272
201 338
288 294
342 180
53 211
172 208
239 185
165 63
0 182.314 226.184 302.966 271.782 149.556 236.941 256.581
182.314 0 153.882 233.978 350.823 141.598 172.468 316.569
226.184 153.882 0 178.078 388.551 176.912 129.64 354.297
302.966 233.978 178.078 0 456.635 244.167 141.882 422.38
271.782 350.823 388.551 456.635 0 322.622 410.421 193.978
149.556 141.598 176.912 244.167 322.622 0 187.184 277.012
236.941 172.468 129.64 141.882 410.421 187.184 0 367.468
256.581 316.569 354.297 422.38 193.978 277.012 367.468 0

