mapH10001.jpg
10
259 295
190 167
66 311
413 286
319 293
213 293
292 189
268 118
379 95
387 166
0 172.912 309.309 201.083 139.113 49.0711 136.284 180.314 283.196 227.64
172.912 0 225.439 303.711 241.74 209.74 215.083 259.113 377.125 321.569
309.309 225.439 0 438.522 377.38 344.551 350.723 394.752 511.936 456.38
201.083 303.711 438.522 0 108.255 243.368 233.782 280.297 236.125 179.74
139.113 241.74 377.38 108.255 0 181.74 172.569 219.083 222.439 166.882
49.0711 209.74 344.551 243.368 181.74 0 177.74 221.77 324.652 269.096
136.284 215.083 350.723 233.782 172.569 177.74 0 82.4558 304.711 249.154
180.314 259.113 394.752 280.297 219.083 221.77 82.4558 0 0 0
283.196 377.125 511.936 236.125 222.439 324.652 304.711 0 0 102.012
227.64 321.569 456.38 179.74 166.882 269.096 249.154 0 102.012 0

