mapH10003.jpg
10
230 156
156 181
56 167
54 91
164 60
233 61
308 76
318 214
377 145
377 299
0 142.497 191.154 201.439 249.426 95.8284 145.024 132.456 152.142 257.468
142.497 0 132.953 145.309 193.296 211.74 260.936 276.782 296.468 401.794
191.154 132.953 0 127.924 184.296 255.912 305.108 322.196 341.882 447.208
201.439 145.309 127.924 0 123.012 265.368 314.564 333.309 352.995 458.321
249.426 193.296 184.296 123.012 0 312.941 362.137 380.882 400.569 505.895
95.8284 211.74 255.912 265.368 312.941 0 80.9706 206.882 182.066 328.037
145.024 260.936 305.108 314.564 362.137 80.9706 0 168.238 104.024 251.167
132.456 276.782 322.196 333.309 380.882 206.882 168.238 0 100.61 174.042
152.142 296.468 341.882 352.995 400.569 182.066 104.024 100.61 0 0
257.468 401.794 447.208 458.321 505.895 328.037 251.167 174.042 0 0

