mapH15001.jpg
15
432 474
518 499
599 383
354 498
423 359
259 374
76 182
575 91
428 226
580 307
173 306
91 409
296 502
604 469
218 487
0 124.853 203.622 89.3554 118.314 235.024 588.735 558.144 323.078 258.279 384.681 477.581 195.083 241.61 266.497
124.853 0 186.208 211.48 178.936 340.167 693.876 618.766 383.701 240.865 489.823 582.723 300.225 224.196 371.64
203.622 186.208 0 288.664 240.078 409.066 764.432 679.907 444.843 186.409 560.38 653.279 375.338 91.799 445.924
89.3554 211.48 288.664 0 167.167 232.096 586.22 572.203 337.137 345.806 382.167 475.066 191.74 329.137 263.154
118.314 178.936 240.078 167.167 0 219.752 598.789 439.417 204.35 296.321 394.735 487.635 211.35 279.652 281.522
235.024 340.167 409.066 232.096 219.752 0 469.794 481.701 246.635 464.895 265.74 358.64 142.912 448.225 154.184
588.735 693.876 764.432 586.22 598.789 469.794 0 948.005 712.941 820.089 295.522 250.284 489.007 803.421 403.936
558.144 618.766 679.907 572.203 439.417 481.701 948.005 0 238.066 734.907 742.884 835.783 592.96 718.239 631.328
323.078 383.701 444.843 337.137 204.35 246.635 712.941 238.066 0 498.671 506.647 599.546 356.723 482.002 395.091
258.279 240.865 186.409 345.806 296.321 464.895 820.089 734.907 498.671 0 617.036 709.936 431.995 233.853 502.581
384.681 489.823 560.38 382.167 394.735 265.74 295.522 742.884 506.647 617.036 0 190.752 285.125 599.539 200.054
477.581 582.723 653.279 475.066 487.635 358.64 250.284 835.783 599.546 709.936 190.752 0 376.024 690.438 290.953
195.083 300.225 375.338 191.74 211.35 142.912 489.007 592.96 356.723 431.995 285.125 376.024 0 415.326 165.284
241.61 224.196 91.799 329.137 279.652 448.225 803.421 718.239 482.002 233.853 599.539 690.438 415.326 0 486.326
266.497 371.64 445.924 263.154 281.522 154.184 403.936 631.328 395.091 502.581 200.054 290.953 165.284 486.326 0

