mapH14005.jpg
14
386 177
124 168
219 123
501 218
562 229
618 240
599 139
517 120
464 81
281 212
229 224
390 50
318 99
452 198
0 277.497 192.297 168.284 222.142 278.598 230.983 155.468 147.64 115.527 190.941 152.267 105.752 115.87
277.497 0 159.355 447.681 501.539 557.995 510.38 429.066 414.196 213.912 143.77 333.333 243.108 395.267
192.297 159.355 0 351.196 405.054 461.51 413.895 330.096 311.083 135.711 105.556 196.024 107.87 299.61
168.284 447.681 351.196 0 128.941 185.811 139.853 127.439 175.468 288.539 364.368 236.936 265.622 116.711
222.142 501.539 405.054 128.941 0 143.598 104.912 179.225 227.255 340.326 416.154 288.723 317.409 168.498
278.598 557.995 461.51 185.811 143.598 0 108.456 235.681 283.711 396.782 472.61 345.179 373.865 224.953
230.983 510.38 413.895 139.853 104.912 108.456 0 185.238 233.267 346.338 422.167 294.735 323.421 174.51
155.468 429.066 330.096 127.439 179.225 235.681 185.238 0 150.225 271.581 342.782 211.694 240.38 108.439
147.64 414.196 311.083 175.468 227.255 283.711 233.267 150.225 0 264.752 331.811 194.51 223.196 137.083
115.527 213.912 135.711 288.539 340.326 396.782 346.338 271.581 264.752 0 126.87 209.836 127.912 234.539
190.941 143.77 105.556 364.368 416.154 472.61 422.167 342.782 331.811 126.87 0 246.948 168.125 312.368
152.267 333.333 196.024 236.936 288.723 345.179 294.735 211.694 194.51 209.836 246.948 0 92.8823 195.794
105.752 243.108 107.87 265.622 317.409 373.865 323.421 240.38 223.196 127.912 168.125 92.8823 0 213.551
115.87 395.267 299.61 116.711 168.498 224.953 174.51 108.439 137.083 234.539 312.368 195.794 213.551 0

