mapH09005.jpg
9
136 79
84 205
65 35
404 45
407 183
408 123
246 98
190 165
309 166
0 172.451 93.2549 350.605 354.534 312.35 155.853 107.953 208.794
172.451 0 245.132 411.718 415.647 373.463 216.966 164.966 269.907
93.2549 245.132 0 444.86 448.789 406.605 249.694 198.108 303.049
350.605 411.718 444.86 0 155.397 105.355 249.794 297.895 163.865
354.534 415.647 448.789 155.397 0 86.598 252.48 300.581 166.551
312.35 373.463 406.605 105.355 86.598 0 208.297 256.397 122.368
155.853 216.966 249.694 249.794 252.48 208.297 0 107.699 107.569
107.953 164.966 198.108 297.895 300.581 256.397 107.699 0 155.255
208.794 269.907 303.049 163.865 166.551 122.368 107.569 155.255 0

