mapH07002.jpg
7
135 269
316 271
78 182
177 76
324 76
339 168
177 156
0 182.414 110.196 258.924 296.99 284.551 200.569
182.414 0 280.752 278.794 299.463 287.024 222.096
110.196 280.752 0 339.794 377.86 365.421 281.439
258.924 278.794 339.794 0 206.078 208.652 113.782
296.99 299.463 377.86 206.078 0 166.309 179.48
284.551 287.024 365.421 208.652 166.309 0 172.113
200.569 222.096 281.439 113.782 179.48 172.113 0

