mapH06001.jpg
6
183 388
212 226
372 154
379 254
443 320
313 377
0 181.882 315.973 250.848 294.551 212.694
181.882 0 274.777 210.895 275.723 195.522
315.973 274.777 0 217.794 283.451 246.196
250.848 210.895 217.794 0 136.196 150.096
294.551 275.723 283.451 136.196 0 187.87
212.694 195.522 246.196 150.096 187.87 0

