mapH12001.jpg
12
179 361
72 188
228 192
56 395
55 292
302 377
443 359
290 272
535 311
502 203
353 189
375 340
0 323.267 188.882 522.422 419.836 377.99 414.63 285.22 486.576 487.559 268.191 351.647
323.267 0 192.208 213.213 110.627 458.174 494.814 365.404 566.759 567.742 339.262 431.831
188.882 192.208 0 390.534 287.948 266.551 303.191 173.782 375.137 376.12 147.64 240.208
522.422 213.213 390.534 0 103 658.913 695.551 566.144 767.499 768.481 540.002 632.57
419.836 110.627 287.948 103 0 556.328 592.967 463.559 664.914 665.895 437.417 529.985
377.99 458.174 266.551 658.913 556.328 0 226.037 149.811 307.51 308.493 208.711 162.64
414.63 494.814 303.191 695.551 592.967 226.037 0 196.167 215.439 216.836 238.723 79.799
285.22 365.404 173.782 566.144 463.559 149.811 196.167 0 266.941 267.51 120.154 131.598
486.576 566.759 375.137 767.499 664.914 307.51 215.439 266.941 0 121.255 309.426 214.255
487.559 567.742 376.12 768.481 665.895 308.493 216.836 267.51 121.255 0 310.409 215.652
268.191 339.262 147.64 540.002 437.417 208.711 238.723 120.154 309.426 310.409 0 177.397
351.647 431.831 240.208 632.57 529.985 162.64 79.799 131.598 214.255 215.652 177.397 0

