mapH11005.jpg
11
313 221
246 234
171 277
74 241
138 149
190 67
122 48
271 89
337 117
225 197
332 43
0 72.9706 181.326 265.681 217.853 278.225 336.35 282.895 337.297 211.74 362.948
72.9706 0 115.569 199.924 152.096 212.468 270.593 217.137 271.539 145.983 297.191
181.326 115.569 0 207.853 164.539 231.539 289.664 236.208 290.61 165.054 316.262
265.681 199.924 207.853 0 201.309 270.794 328.919 275.463 329.865 204.309 355.517
217.853 152.096 164.539 201.309 0 175.51 233.635 180.179 234.581 117.64 260.233
278.225 212.468 231.539 270.794 175.51 0 75.6274 153.823 208.225 151.539 233.877
336.35 270.593 289.664 328.919 233.635 75.6274 0 209.534 263.936 206.421 289.588
282.895 217.137 236.208 275.463 180.179 153.823 209.534 0 78.1838 153.794 80.6396
337.297 271.539 290.61 329.865 234.581 208.225 263.936 78.1838 0 206.125 75.6569
211.74 145.983 165.054 204.309 117.64 151.539 206.421 153.794 206.125 0 235.434
362.948 297.191 316.262 355.517 260.233 233.877 289.588 80.6396 75.6569 235.434 0

