mapH08002.jpg
8
110 249
109 70
252 82
369 95
463 104
466 257
355 253
252 235
0 205.51 328.576 362.279 411.747 418.078 371.108 232.723
205.51 0 349.706 384.238 434.12 459.505 412.948 275.806
328.576 349.706 0 221.966 271.434 298.89 252.747 197.321
362.279 384.238 221.966 0 170.309 201.765 178.297 215.895
411.747 434.12 271.434 170.309 0 181.995 193.321 264.948
418.078 459.505 298.89 201.765 181.995 0 177.765 270.037
371.108 412.948 252.747 178.297 193.321 177.765 0 224.309
232.723 275.806 197.321 215.895 264.948 270.037 224.309 0

