mapH12003.jpg
12
302 224
289 293
61 288
136 314
50 192
87 97
215 87
311 138
187 164
227 308
359 214
177 225
0 116.711 267.024 228.983 278.024 295.853 180.622 89.3137 243.699 153.983 60.4853 126.828
116.711 0 270.238 232.196 299.877 317.706 285.647 195.167 265.551 75.0122 175.368 146.196
267.024 270.238 0 116.698 267.238 285.066 324.338 345.895 233.74 304.782 326.924 142.196
228.983 232.196 116.698 0 232.439 250.267 289.539 310.267 198.113 268.154 291.297 105.569
278.024 299.877 267.238 232.439 0 192.924 239.652 339.652 157.882 334.25 335.024 155.51
295.853 317.706 285.066 250.267 192.924 0 174.167 274.167 135.468 354.907 355.681 176.167
180.622 285.647 324.338 289.539 239.652 174.167 0 134.698 165.468 324.919 215.836 212.196
89.3137 195.167 345.895 310.267 339.652 274.167 134.698 0 262.983 234.439 121.213 207.284
243.699 265.551 233.74 198.113 157.882 135.468 165.468 262.983 0 299.51 300.284 120.77
153.983 75.0122 304.782 268.154 334.25 354.907 324.919 234.439 299.51 0 213.468 180.983
60.4853 175.368 326.924 291.297 335.024 355.681 215.836 121.213 300.284 213.468 0 185.071
126.828 146.196 142.196 105.569 155.51 176.167 212.196 207.284 120.77 180.983 185.071 0

