mapH06005.jpg
6
51 145
88 48
179 50
194 103
137 168
190 150
0 119.941 173.137 160.569 181.196 204.439
119.941 0 202.823 193.154 219.581 242.823
173.137 202.823 0 105.083 141.61 164.024
160.569 193.154 105.083 0 97.3259 113.113
181.196 219.581 141.61 97.3259 0 62.5564
204.439 242.823 164.024 113.113 62.5564 0

