mapH07003.jpg
7
277 180
323 52
67 68
83 182
149 42
450 169
434 66
0 146.64 256.493 236.421 220.995 222.049 229.907
146.64 0 323.066 312.522 286.326 198.066 205.924
256.493 323.066 0 173.25 168.953 428.179 436.037
236.421 312.522 173.25 0 171.368 415.22 423.078
220.995 286.326 168.953 171.368 0 391.853 399.711
222.049 198.066 428.179 415.22 391.853 0 109.213
229.907 205.924 436.037 423.078 399.711 109.213 0

