mapH06002.jpg
6
459 216
276 268
431 108
241 105
90 133
134 306
0 208.439 246.765 296.225 402.723 388.238
208.439 0 240.019 177.083 260.007 245.522
246.765 240.019 0 283.137 393.777 395.86
296.225 177.083 283.137 0 241.581 244.493
402.723 260.007 393.777 241.581 0 229.635
388.238 245.522 395.86 244.493 229.635 0

