mapH07004.jpg
7
102 228
56 136
193 177
255 98
182 45
100 104
257 163
0 110.64 125.083 218.149 219.865 273.877 268.463
110.64 0 153.326 236.037 233.723 287.735 287.593
125.083 153.326 0 129.456 136.142 190.154 179.77
218.149 236.037 129.456 0 117.456 173.811 83.7401
219.865 233.723 136.142 117.456 0 112.267 177.225
273.877 287.735 190.154 173.811 112.267 0 232.823
268.463 287.593 179.77 83.7401 177.225 232.823 0

