mapH08003.jpg
8
189 156
212 34
147 31
90 31
53 33
46 128
108 101
77 242
0 131.113 151.096 191.439 213.409 218.723 254.853 147.38
131.113 0 225.61 265.953 287.924 293.238 329.368 263.505
151.096 225.61 0 128.355 150.326 160.61 196.74 248.694
191.439 265.953 128.355 0 99.3554 114.811 150.941 288.208
213.409 287.924 150.326 99.3554 0 110.74 151.841 310.179
218.723 293.238 160.61 114.811 110.74 0 81.6569 315.493
254.853 329.368 196.74 150.941 151.841 81.6569 0 352.451
147.38 263.505 248.694 288.208 310.179 315.493 352.451 0

