mapH10004.jpg
10
191 158
91 253
47 138
57 51
333 46
364 149
358 243
239 230
259 170
228 68
0 184.142 152.456 178.907 202.38 246.51 234.179 215.338 153.598 104.912
184.142 0 147.87 215.669 389.179 433.309 420.978 402.137 340.397 260.836
152.456 147.87 0 132.255 337.681 381.811 369.895 351.054 289.314 209.338
178.907 215.669 132.255 0 353.363 397.493 395.103 376.262 314.522 179.456
202.38 389.179 337.681 353.363 0 115.426 240.078 227.037 166.953 181.35
246.51 433.309 381.811 397.493 115.426 0 282.137 269.096 208.598 223.409
234.179 420.978 369.895 395.103 240.078 282.137 0 153.966 129.823 228.434
215.338 402.137 351.054 376.262 227.037 269.096 153.966 0 102.296 207.593
153.598 340.397 289.314 314.522 166.953 208.598 129.823 102.296 0 145.439
104.912 260.836 209.338 179.456 181.35 223.409 228.434 207.593 145.439 0

