mapH14003.jpg
14
139 274
95 292
48 235
150 324
292 323
305 251
201 229
134 216
87 48
289 119
308 166
182 139
243 141
52 109
0 68.3137 106.498 60.3553 173.468 195.74 82.3259 118.669 262.113 247.865 220.451 255.941 217.522 226.74
68.3137 0 77.397 126.77 239.882 264.64 150.811 107.598 247.728 316.35 288.936 243.213 286.007 204.811
106.498 77.397 0 162.882 275.995 299.51 182.782 126.196 209.083 348.321 320.907 258.326 317.978 127.243
60.3553 126.77 162.882 0 143 186.196 115.711 181.267 324.711 268.019 240.605 318.539 237.676 289.338
173.468 239.882 275.995 143 0 108.296 136.48 292.995 436.439 229.74 202.326 430.267 201.882 401.066
195.74 264.64 299.51 186.196 108.296 0 130.225 310.096 453.539 169.669 141.426 447.368 142.64 418.167
82.3259 150.811 182.782 115.711 136.48 130.225 0 193.711 337.154 168.054 140.64 330.983 137.711 301.782
118.669 107.598 126.196 181.267 292.995 310.096 193.711 0 224.527 358.078 330.664 218.355 327.735 189.154
262.113 247.728 209.083 324.711 436.439 453.539 337.154 224.527 0 503.522 476.108 173.456 473.179 92.4559
247.865 316.35 348.321 268.019 229.74 169.669 168.054 358.078 503.522 0 99.3848 495.765 54.8701 466.564
220.451 288.936 320.907 240.605 202.326 141.426 140.64 330.664 476.108 99.3848 0 468.35 77.598 439.149
255.941 243.213 258.326 318.539 430.267 447.368 330.983 218.355 173.456 495.765 468.35 0 464.593 140.527
217.522 286.007 317.978 237.676 201.882 142.64 137.711 327.735 473.179 54.8701 77.598 464.593 0 438.22
226.74 204.811 127.243 289.338 401.066 418.167 301.782 189.154 92.4559 466.564 439.149 140.527 438.22 0

