Iniciando: /home/izquierdocr/projects/shortestRouteTest/build/shortestroutetest
experimentH14-14maps01prob00.txt
Environment with 14
Loading data from mapsDB/mapH14001.txt
Locations
0, 0, 0.0714286
1, 0, 0.0714286
2, 0, 0.0714286
3, 0, 0.0714286
4, 0, 0.0714286
5, 0, 0.0714286
6, 0, 0.0714286
7, 0, 0.0714286
8, 0, 0.0714286
9, 0, 0.0714286
10, 0, 0.0714286
11, 0, 0.0714286
12, 0, 0.0714286
13, 0, 0.0714286
Distances table
0   44.7279   66.4264   117.255   192.983   134.326   399.794   363.225   281.125   282.326   420.598   364.083   260.983   200.77   
44.7279   0   106.426   140.569   219.61   177.64   428.078   394.823   312.723   313.924   448.882   392.368   292.581   224.083   
66.4264   106.426   0   172.208   247.936   115.811   454.747   410.723   327.794   328.995   475.551   419.037   307.652   255.723   
117.255   140.569   172.208   0   184.468   228.137   393.765   360.51   278.409   279.61   414.569   358.054   258.267   143.426   
192.983   219.61   247.936   184.468   0   303.865   237.806   205.38   142.782   147.497   258.61   202.096   127.397   275.439   
134.326   177.64   115.811   228.137   303.865   0   506.576   462.551   379.622   380.823   527.38   470.865   359.48   307.551   
399.794   428.078   454.747   393.765   237.806   506.576   0   204.527   272.191   276.907   161.012   59.3137   269.333   483.149   
363.225   394.823   410.723   360.51   205.38   462.551   204.527   0   221.853   226.569   303.865   213.841   221.167   448.238   
281.125   312.723   327.794   278.409   142.782   379.622   272.191   221.853   0   100.698   294.167   237.652   121.598   369.38   
282.326   313.924   328.995   279.61   147.497   380.823   276.907   226.569   100.698   0   296.882   240.368   116.87   367.752   
420.598   448.882   475.551   414.569   258.61   527.38   161.012   303.865   294.167   296.882   0   104.598   292.137   505.953   
364.083   392.368   419.037   358.054   202.096   470.865   59.3137   213.841   237.652   240.368   104.598   0   235.208   449.024   
260.983   292.581   307.652   258.267   127.397   359.48   269.333   221.167   121.598   116.87   292.137   235.208   0   349.238   
200.77   224.083   255.723   143.426   275.439   307.551   483.149   448.238   369.38   367.752   505.953   449.024   349.238   0   

Building strategies...
Locations ordered by Optimal
0, 1, 2, 5, 13, 3, 4, 12, 9, 8, 7, 6, 11, 10, 
Locations ordered by Worst
0, 6, 2, 11, 5, 10, 12, 13, 8, 3, 7, 1, 9, 4, 
Locations ordered by Optimal Expected
0, 1, 2, 5, 3, 4, 12, 9, 8, 7, 6, 11, 10, 13, 
Locations ordered by Worst Expected
0, 10, 5, 6, 13, 11, 2, 7, 1, 8, 3, 9, 4, 12, 
Locations ordered by Most Probable
0, 1, 2, 3, 4, 5, 6, 7, 8, 9, 10, 11, 12, 13, 
Locations ordered by Closest
0, 1, 2, 5, 3, 13, 4, 12, 9, 8, 7, 6, 11, 10, 
Locations ordered by Random
0, 13, 8, 2, 1, 4, 10, 6, 9, 3, 7, 11, 12, 5, 
Locations ordered by Expected Time Fixed
0, 1, 2, 3, 5, 4, 13, 12, 8, 9, 7, 11, 6, 10, 
Locations ordered by Expected Time Variable
0, 1, 2, 5, 3, 13, 4, 12, 9, 8, 7, 6, 11, 10, 

########################################################
Iniciando: /home/izquierdocr/projects/shortestRouteTest/build/shortestroutetest
experimentR14-14maps01prob00.txt
Environment with 14
Locations
0, 0, 0.0714286
1, 0, 0.0714286
2, 0, 0.0714286
3, 0, 0.0714286
4, 0, 0.0714286
5, 0, 0.0714286
6, 0, 0.0714286
7, 0, 0.0714286
8, 0, 0.0714286
9, 0, 0.0714286
10, 0, 0.0714286
11, 0, 0.0714286
12, 0, 0.0714286
13, 0, 0.0714286
Distances table
0   145.223   141.62   121.73   51.6301   65.6679   71.8257   102.429   90.0229   102.6   56.3096   116.772   118.786   115.73   
145.223   0   113.571   64.1603   74.2887   90.0944   101.293   99.3583   139.153   58.6056   73.828   103.161   66.5974   135.868   
141.62   113.571   0   110.697   63.7232   62.979   133.911   147.278   78.3315   69.2214   147.063   53.928   94.0105   93.956   
121.73   64.1603   110.697   0   130.418   60.8809   111.264   79.2517   85.2458   116.323   140.221   93.7638   138.008   142.397   
51.6301   74.2887   63.7232   130.418   0   149.892   79.6032   127.136   130.772   139.023   135.092   143.184   132.92   89.8437   
65.6679   90.0944   62.979   60.8809   149.892   0   113.755   102.674   141.903   84.8893   76.6666   143.081   83.0337   131.477   
71.8257   101.293   133.911   111.264   79.6032   113.755   0   126.991   56.9755   56.4171   103.976   122.095   72.8968   118.422   
102.429   99.3583   147.278   79.2517   127.136   102.674   126.991   0   144.933   52.0023   87.5207   78.4293   139.337   141.097   
90.0229   139.153   78.3315   85.2458   130.772   141.903   56.9755   144.933   0   95.7702   126.025   123.853   85.036   98.2491   
102.6   58.6056   69.2214   116.323   139.023   84.8893   56.4171   52.0023   95.7702   0   101.254   113.998   118.667   71.5825   
56.3096   73.828   147.063   140.221   135.092   76.6666   103.976   87.5207   126.025   101.254   0   85.4049   145.647   145.025   
116.772   103.161   53.928   93.7638   143.184   143.081   122.095   78.4293   123.853   113.998   85.4049   0   108.864   142.013   
118.786   66.5974   94.0105   138.008   132.92   83.0337   72.8968   139.337   85.036   118.667   145.647   108.864   0   64.766   
115.73   135.868   93.956   142.397   89.8437   131.477   118.422   141.097   98.2491   71.5825   145.025   142.013   64.766   0   

Building strategies...
Locations ordered by Optimal
0, 10, 5, 3, 1, 12, 13, 4, 2, 11, 7, 9, 6, 8, 
Locations ordered by Worst
0, 1, 8, 7, 6, 2, 10, 12, 3, 13, 11, 5, 4, 9, 
Locations ordered by Optimal Expected
0, 4, 2, 11, 7, 9, 6, 8, 3, 5, 10, 1, 12, 13, 
Locations ordered by Worst Expected
0, 1, 8, 7, 2, 10, 13, 11, 5, 4, 9, 12, 3, 6, 
Locations ordered by Most Probable
0, 1, 2, 3, 4, 5, 6, 7, 8, 9, 10, 11, 12, 13, 
Locations ordered by Closest
0, 4, 2, 11, 7, 9, 6, 8, 12, 13, 5, 3, 1, 10, 
Locations ordered by Random
0, 5, 1, 3, 11, 7, 2, 12, 6, 4, 10, 8, 9, 13, 
Locations ordered by Expected Time Fixed
0, 4, 10, 5, 6, 8, 7, 9, 13, 11, 12, 3, 2, 1, 
Locations ordered by Expected Time Variable
0, 4, 2, 11, 7, 9, 6, 8, 12, 13, 5, 3, 1, 10, 

########################################################
Iniciando: /home/izquierdocr/projects/shortestRouteTest/build/shortestroutetest
experimentR14-14maps01prob99.txt
Environment with 14
Locations
0, 0, 0.10678
1, 0, 0.0504611
2, 0, 0.0995683
3, 0, 0.101506
4, 0, 0.115808
5, 0, 0.0255951
6, 0, 0.0429873
7, 0, 0.0976898
8, 0, 0.0357298
9, 0, 0.070622
10, 0, 0.0609484
11, 0, 0.0800844
12, 0, 0.0467219
13, 0, 0.0654969
Distances table
0   145.223   141.62   121.73   51.6301   65.6679   71.8257   102.429   90.0229   102.6   56.3096   116.772   118.786   115.73   
145.223   0   113.571   64.1603   74.2887   90.0944   101.293   99.3583   139.153   58.6056   73.828   103.161   66.5974   135.868   
141.62   113.571   0   110.697   63.7232   62.979   133.911   147.278   78.3315   69.2214   147.063   53.928   94.0105   93.956   
121.73   64.1603   110.697   0   130.418   60.8809   111.264   79.2517   85.2458   116.323   140.221   93.7638   138.008   142.397   
51.6301   74.2887   63.7232   130.418   0   149.892   79.6032   127.136   130.772   139.023   135.092   143.184   132.92   89.8437   
65.6679   90.0944   62.979   60.8809   149.892   0   113.755   102.674   141.903   84.8893   76.6666   143.081   83.0337   131.477   
71.8257   101.293   133.911   111.264   79.6032   113.755   0   126.991   56.9755   56.4171   103.976   122.095   72.8968   118.422   
102.429   99.3583   147.278   79.2517   127.136   102.674   126.991   0   144.933   52.0023   87.5207   78.4293   139.337   141.097   
90.0229   139.153   78.3315   85.2458   130.772   141.903   56.9755   144.933   0   95.7702   126.025   123.853   85.036   98.2491   
102.6   58.6056   69.2214   116.323   139.023   84.8893   56.4171   52.0023   95.7702   0   101.254   113.998   118.667   71.5825   
56.3096   73.828   147.063   140.221   135.092   76.6666   103.976   87.5207   126.025   101.254   0   85.4049   145.647   145.025   
116.772   103.161   53.928   93.7638   143.184   143.081   122.095   78.4293   123.853   113.998   85.4049   0   108.864   142.013   
118.786   66.5974   94.0105   138.008   132.92   83.0337   72.8968   139.337   85.036   118.667   145.647   108.864   0   64.766   
115.73   135.868   93.956   142.397   89.8437   131.477   118.422   141.097   98.2491   71.5825   145.025   142.013   64.766   0   

Building strategies...
Locations ordered by Optimal
0, 10, 5, 3, 1, 12, 13, 4, 2, 11, 7, 9, 6, 8, 
Locations ordered by Worst
0, 1, 8, 7, 6, 2, 10, 12, 3, 13, 11, 5, 4, 9, 
Locations ordered by Optimal Expected
0, 4, 2, 11, 7, 9, 13, 12, 1, 3, 5, 10, 6, 8, 
Locations ordered by Worst Expected
0, 1, 8, 5, 13, 10, 12, 7, 2, 6, 11, 4, 9, 3, 
Locations ordered by Most Probable
0, 4, 3, 2, 7, 11, 9, 13, 10, 1, 12, 6, 8, 5, 
Locations ordered by Closest
0, 4, 2, 11, 7, 9, 6, 8, 12, 13, 5, 3, 1, 10, 
Locations ordered by Random
0, 5, 1, 3, 11, 7, 2, 12, 6, 4, 10, 8, 9, 13, 
Locations ordered by Expected Time Fixed
0, 4, 10, 7, 3, 2, 9, 11, 6, 13, 8, 12, 5, 1, 
Locations ordered by Expected Time Variable
0, 4, 2, 11, 7, 9, 13, 12, 1, 3, 10, 6, 8, 5, 

########################################################
Iniciando: /home/izquierdocr/projects/shortestRouteTest/build/shortestroutetest
experimentH14-14maps01prob99.txt
Environment with 14
Loading data from mapsDB/mapH14001.txt
Locations
0, 0, 0.10678
1, 0, 0.0504611
2, 0, 0.0995683
3, 0, 0.101506
4, 0, 0.115808
5, 0, 0.0255951
6, 0, 0.0429873
7, 0, 0.0976898
8, 0, 0.0357298
9, 0, 0.070622
10, 0, 0.0609484
11, 0, 0.0800844
12, 0, 0.0467219
13, 0, 0.0654969
Distances table
0   44.7279   66.4264   117.255   192.983   134.326   399.794   363.225   281.125   282.326   420.598   364.083   260.983   200.77   
44.7279   0   106.426   140.569   219.61   177.64   428.078   394.823   312.723   313.924   448.882   392.368   292.581   224.083   
66.4264   106.426   0   172.208   247.936   115.811   454.747   410.723   327.794   328.995   475.551   419.037   307.652   255.723   
117.255   140.569   172.208   0   184.468   228.137   393.765   360.51   278.409   279.61   414.569   358.054   258.267   143.426   
192.983   219.61   247.936   184.468   0   303.865   237.806   205.38   142.782   147.497   258.61   202.096   127.397   275.439   
134.326   177.64   115.811   228.137   303.865   0   506.576   462.551   379.622   380.823   527.38   470.865   359.48   307.551   
399.794   428.078   454.747   393.765   237.806   506.576   0   204.527   272.191   276.907   161.012   59.3137   269.333   483.149   
363.225   394.823   410.723   360.51   205.38   462.551   204.527   0   221.853   226.569   303.865   213.841   221.167   448.238   
281.125   312.723   327.794   278.409   142.782   379.622   272.191   221.853   0   100.698   294.167   237.652   121.598   369.38   
282.326   313.924   328.995   279.61   147.497   380.823   276.907   226.569   100.698   0   296.882   240.368   116.87   367.752   
420.598   448.882   475.551   414.569   258.61   527.38   161.012   303.865   294.167   296.882   0   104.598   292.137   505.953   
364.083   392.368   419.037   358.054   202.096   470.865   59.3137   213.841   237.652   240.368   104.598   0   235.208   449.024   
260.983   292.581   307.652   258.267   127.397   359.48   269.333   221.167   121.598   116.87   292.137   235.208   0   349.238   
200.77   224.083   255.723   143.426   275.439   307.551   483.149   448.238   369.38   367.752   505.953   449.024   349.238   0   

Building strategies...
Locations ordered by Optimal
0, 1, 2, 5, 13, 3, 4, 12, 9, 8, 7, 6, 11, 10, 
Locations ordered by Worst
0, 6, 2, 11, 5, 10, 12, 13, 8, 3, 7, 1, 9, 4, 
Locations ordered by Optimal Expected
0, 2, 1, 3, 4, 12, 9, 8, 7, 6, 11, 10, 13, 5, 
Locations ordered by Worst Expected
0, 6, 5, 10, 13, 8, 1, 11, 2, 7, 3, 12, 9, 4, 
Locations ordered by Most Probable
0, 4, 3, 2, 7, 11, 9, 13, 10, 1, 12, 6, 8, 5, 
Locations ordered by Closest
0, 1, 2, 5, 3, 13, 4, 12, 9, 8, 7, 6, 11, 10, 
Locations ordered by Random
0, 13, 8, 2, 1, 4, 10, 6, 9, 3, 7, 11, 12, 5, 
Locations ordered by Expected Time Fixed
0, 2, 1, 3, 4, 13, 7, 9, 11, 5, 12, 10, 8, 6, 
Locations ordered by Expected Time Variable
0, 2, 3, 4, 9, 7, 11, 6, 10, 12, 8, 13, 1, 5, 

